0105 0.064000 5.184000 0.078457 0.005401 136.606995 3.701120 121.530998 6.505670 -0.803229 0.056996 -2.713610 0.095705 8.132790 0.279929 41.639900 1.433230 1.413600e-06 4.865570e-08 7.237620e-06 2.491170e-07 1.120940 112
0109 -14.336000 86.815300 0.008109 0.000511 515.049011 126.745003 640.401978 1724.709961 -1.236070 0.074328 -3.098700 5.094550 1.861540 0.058695 188.296997 5.937020 5.056050e-07 1.594180e-08 5.114260e-05 1.612530e-06 1.063810 10
0130 -17.408001 64.512001 0.010992 0.001480 180.339005 23.036100 141.042999 30.883200 -1.231700 0.126188 -2.326960 0.216303 1.626290 0.109510 133.225998 8.971040 3.468460e-07 2.335560e-08 2.841370e-05 1.913290e-06 0.651115 10
0143 0.000000 18.559999 0.056730 0.000378 765.085022 19.844400 547.802979 34.026100 -0.907024 0.009818 -2.436460 0.088669 14.936700 0.049810 277.223999 0.924476 6.524350e-06 2.175710e-08 1.210920e-04 4.038120e-07 2.277800 112
0219 105.946999 133.147003 0.029734 0.000768 264.768005 7.865220 180.673004 7.288080 -0.940609 0.028851 -2.286400 0.041742 4.725470 0.061060 128.533005 1.660820 1.175470e-06 1.518870e-08 3.197290e-05 4.131330e-07 1.153310 10
0226 -3.072000 171.007996 0.003586 0.000350 436.079010 115.355003 1238.199951 228875.000000 -1.080370 0.111918 -6.250000 965.325989 0.845872 0.041334 147.248993 7.195400 2.312940e-07 1.130230e-08 4.026370e-05 1.967500e-06 0.909749 10
0249 0.107313 45.019299 0.044672 0.000202 461.799988 4.665410 420.566986 13.020200 -0.951867 0.006670 -2.804220 0.055828 9.095930 0.020556 408.515991 0.923193 2.748460e-06 6.211150e-09 1.234390e-04 2.789550e-07 2.092480 9
0257 0.000000 17.664000 0.076168 1.735330 38.553699 490.713989 25.979900 174.567001 -0.464479 8.527450 -1.538240 0.012091 2.225670 25.353399 39.314201 447.842987 7.623540e-07 8.684280e-06 1.346620e-05 1.533990e-04 1.200150 114
0351 0.064000 61.824001 0.003935 0.000324 174.158997 14.700900 1112.099976 2068950.000000 -1.419480 0.084054 -8.750000 13792.799805 0.864076 0.035538 53.365299 2.194840 1.358060e-07 5.585520e-09 8.387380e-06 3.449620e-07 1.266530 112
0394 0.000000 43.456001 0.017190 0.000481 314.811005 13.317700 174.938004 8.597980 -0.909600 0.029730 -2.034860 0.035785 3.266780 0.045739 141.960999 1.987650 1.003210e-06 1.404630e-08 4.359550e-05 6.103950e-07 1.026410 109
0451 0.000000 13.056000 0.033234 0.001881 143.039993 7.580530 139.498001 15.780400 -1.466660 0.047815 -2.413710 0.099767 6.875770 0.194600 89.770103 2.540700 1.208480e-06 3.420270e-08 1.577790e-05 4.465510e-07 0.943604 113
0543 0.000000 6.144000 0.038475 0.001445 254.888000 10.076600 290.613007 63.178001 -0.946006 0.040472 -3.246070 0.512296 6.871430 0.129017 42.217999 0.792680 1.464390e-06 2.749510e-08 8.997200e-06 1.689300e-07 0.959773 112
0647 0.000000 27.200001 0.049931 0.002095 189.977005 2.932010 177.524002 9.479730 -0.188738 0.046717 -3.335460 0.170674 4.087140 0.085753 111.169998 2.332490 8.606570e-07 1.805760e-08 2.340990e-05 4.911670e-07 1.084990 113
0676 -46.080002 69.342201 0.007081 0.000772 314.614014 36.063000 204.348007 34.514900 -0.517290 0.141841 -2.325570 0.248801 1.165030 0.063533 134.470001 7.333090 3.714860e-07 2.025830e-08 4.287770e-05 2.338250e-06 0.594014 9
0678 0.000000 31.680000 0.016420 0.000172 1622.849976 153.212006 976.624023 282.484985 -0.906008 0.016332 -2.205870 0.360530 5.855620 0.030657 185.505997 0.971210 3.334670e-06 1.745850e-08 1.056420e-04 5.530850e-07 1.225060 112
0761 0.000000 54.144001 0.008428 0.000227 356.199005 18.255301 310.382996 48.465302 -1.026410 0.029902 -2.654800 0.250644 1.730770 0.023331 93.710899 1.263250 4.791930e-07 6.459690e-09 2.594540e-05 3.497530e-07 1.098470 115
0973 0.000000 30.976000 0.020694 0.000749 254.520004 13.299400 155.151993 9.537770 -1.150200 0.036546 -2.102780 0.039488 4.342470 0.078586 134.511993 2.434290 1.071050e-06 1.938300e-08 3.317700e-05 6.004090e-07 1.245220 108
0999 0.000000 4.736000 0.027272 0.002854 264.579987 26.017300 139.731003 13.813100 -0.597100 0.107122 -1.946350 0.061946 4.199500 0.219707 19.888800 1.040530 1.393540e-06 7.290660e-08 6.599820e-06 3.452850e-07 1.114740 113
1025 0.000000 3.264000 0.138988 0.015593 143.807999 4.918090 113.725998 5.683730 -0.402676 0.098427 -2.651380 0.091744 10.384400 0.582504 33.894600 1.901290 1.989020e-06 1.115720e-07 6.492150e-06 3.641720e-07 1.126540 112
1121 0.000000 33.216000 0.016560 0.000330 380.873993 22.723200 304.126007 41.224098 -1.317460 0.020522 -2.362670 0.133502 4.082360 0.040721 135.600006 1.352600 1.025310e-06 1.022750e-08 3.405680e-05 3.397160e-07 1.452170 112
1122 0.000000 22.143999 0.045512 0.001596 157.235001 3.101470 126.529999 3.972560 -0.929913 0.030096 -2.482010 0.042458 5.703810 0.099988 126.305000 2.214130 1.134630e-06 1.989000e-08 2.512520e-05 4.404440e-07 1.094500 109
1156 -110.592003 106.910004 0.003889 0.005007 156.750000 93.396202 84.306396 44.471500 -0.493939 1.046600 -1.873780 0.216018 0.345612 0.222467 75.171402 48.387100 8.798640e-08 5.663590e-08 1.913720e-05 1.231840e-05 0.760234 9
1157 0.128000 23.360001 0.021933 0.001105 202.645004 9.418530 135.128998 7.989100 -0.999811 0.045802 -2.210320 0.054417 3.449180 0.086866 80.131302 2.018060 8.195240e-07 2.063930e-08 1.903920e-05 4.794910e-07 0.928452 109
1288 0.030344 137.373993 0.010004 0.000594 306.364014 26.068701 248.054001 48.307201 -0.969545 0.073776 -2.554110 0.292996 1.710960 0.050830 234.990005 6.981180 4.354650e-07 1.293700e-08 5.980860e-05 1.776820e-06 0.876830 9
1385 0.000000 43.264000 0.012900 0.000207 467.412994 14.325600 1643.819946 947473.000000 -0.701443 0.021376 -9.765620 5264.500000 2.866630 0.023039 124.022003 0.996745 9.458230e-07 7.601450e-09 4.092010e-05 3.288690e-07 1.304140 112
1419 25.486401 132.574005 0.004787 0.000230 217.050003 27.989799 1341.709961 205228.000000 -1.660640 0.046554 -5.817070 641.745972 1.085910 0.026097 116.288002 2.794670 2.095120e-07 5.035040e-09 2.243620e-05 5.391920e-07 0.951515 9
1440 0.000000 29.120001 0.014332 0.000540 260.989014 10.040800 194.938995 13.595100 -0.808687 0.040537 -2.474220 0.105062 2.421790 0.045655 70.522598 1.329480 6.074330e-07 1.145120e-08 1.768850e-05 3.334600e-07 1.040680 110
1468 0.000000 25.344000 0.003363 0.000129 813.028015 99.636803 2038.050049 614196.000000 -0.540572 0.064892 -7.812500 2205.030029 1.035900 0.019853 26.253901 0.503143 5.436350e-07 1.041850e-08 1.377790e-05 2.640470e-07 0.946538 112
1480 1.792000 16.704000 0.009035 0.002944 246.031998 65.991898 115.758003 29.012400 -0.497563 0.328595 -1.758690 0.091360 1.244140 0.202730 18.552601 3.023120 4.741060e-07 7.725480e-08 7.069880e-06 1.152020e-06 1.220480 111
1484 0.000000 2.944000 0.059613 0.003127 172.253006 6.602990 177.617996 18.459999 -1.140930 0.048642 -2.787900 0.167115 9.122390 0.239284 26.856300 0.704453 1.733610e-06 4.547340e-08 5.103750e-06 1.338740e-07 1.294170 110
1503 0.000000 26.240000 0.045082 0.003510 99.011299 1.899740 119.769997 10.574600 -1.016340 0.061382 -3.147770 0.193250 4.505130 0.175373 118.214996 4.601780 6.144560e-07 2.391910e-08 1.612330e-05 6.276380e-07 0.822850 113
1519 0.000000 39.680000 0.009136 0.001528 332.420990 167.095993 131.731003 66.363602 -1.334020 0.158889 -1.811760 0.104985 2.009470 0.168026 79.735603 6.667290 6.184060e-07 5.170950e-08 2.453830e-05 2.051830e-06 0.761400 108
1538 0.000000 5.376000 0.040793 0.002386 225.906998 14.964900 150.259003 12.678500 -1.067590 0.054926 -2.204770 0.071647 7.060780 0.206514 37.958801 1.110220 1.726570e-06 5.049880e-08 9.282030e-06 2.714820e-07 1.085560 109
1541 -1.024000 119.807999 0.016963 0.000395 316.799011 11.756900 264.427002 21.805500 -1.050160 0.028892 -2.560840 0.116889 3.050170 0.035533 368.558990 4.293480 7.697380e-07 8.966990e-09 9.300900e-05 1.083500e-06 1.556630 9
1553 0.064000 1.088000 0.049054 0.002551 530.783997 62.010700 243.925003 31.077000 -0.645256 0.064771 -1.826610 0.077776 11.663800 0.303243 11.943800 0.310521 5.288810e-06 1.375020e-07 5.415740e-06 1.408020e-07 1.137350 110
1571 91.136002 113.664001 0.005878 0.000394 301.450012 67.022499 2668.889893 30438000.000000 -1.583110 0.073302 -8.930470 84188.898438 1.680770 0.056346 37.864399 1.269360 3.220080e-07 1.079490e-08 7.254190e-06 2.431880e-07 0.965371 9
1601 0.064000 12.672000 0.004846 0.000179 822.473022 108.285004 634.685974 304.433014 -0.654216 0.069879 -2.690340 0.958853 1.414030 0.026067 17.827999 0.328657 7.060570e-07 1.301600e-08 8.901960e-06 1.641060e-07 1.212270 109
1606 -2.048000 102.400002 0.017244 0.000851 201.054001 9.436690 214.018005 38.187401 -1.181930 0.051045 -2.821850 0.296681 3.216530 0.079407 335.959991 8.293930 6.039290e-07 1.490930e-08 6.307910e-05 1.557250e-06 1.086940 9
1609 -2.048000 18.431999 0.040578 0.000784 262.351990 6.540920 212.516006 10.727200 -1.026010 0.018748 -2.511140 0.069830 7.454410 0.072044 152.667007 1.475470 1.606070e-06 1.552220e-08 3.289240e-05 3.178950e-07 1.376210 9
1623 0.000000 42.431999 0.005546 0.000194 521.820007 47.291199 396.097992 96.764099 -0.868304 0.046694 -2.532160 0.391075 1.277600 0.022384 54.211102 0.949790 4.590440e-07 8.042550e-09 1.947820e-05 3.412620e-07 1.212330 110
1625 0.064000 23.615999 0.042118 0.000468 476.332001 11.666700 341.303009 15.870200 -0.868763 0.013935 -2.430500 0.064737 9.662150 0.053707 227.563004 1.264900 3.278370e-06 1.822270e-08 7.721220e-05 4.291800e-07 1.833790 112
1652 -2.048000 81.919998 0.014120 0.001443 128.996002 5.635150 130.936996 17.688999 -1.131770 0.089415 -2.726090 0.215075 1.560920 0.079756 131.067001 6.696960 2.827910e-07 1.444940e-08 2.374540e-05 1.213290e-06 0.677760 9
1663 0.000000 27.584000 0.051844 0.000367 533.994019 10.266900 413.264008 18.163500 -0.947595 0.009019 -2.527260 0.064675 13.018500 0.046040 359.104004 1.269960 4.398420e-06 1.555490e-08 1.213260e-04 4.290660e-07 2.842310 112
1676 0.030969 55.646999 0.017266 0.000531 206.447998 6.754460 232.910995 31.776400 -1.251370 0.032523 -2.849890 0.221387 2.702950 0.041540 150.326996 2.310280 5.679920e-07 8.729080e-09 3.158950e-05 4.854770e-07 1.447670 9
1695 0.026953 103.259003 0.034271 0.000679 421.289001 14.588400 285.881989 17.042700 -0.732821 0.028328 -2.377410 0.084834 6.775790 0.067108 699.479004 6.927720 2.080150e-06 2.060210e-08 2.147380e-04 2.126790e-06 1.015100 9
1698 0.000000 30.912001 0.037737 0.001434 199.675995 5.219280 155.190994 8.063450 -0.743678 0.035966 -2.539250 0.088626 4.966740 0.094348 153.531998 2.916480 1.104310e-06 2.097730e-08 3.413630e-05 6.484500e-07 1.182180 112
1709 0.128000 6.208000 0.054514 0.001712 191.860992 5.091160 220.699005 25.567400 -1.091430 0.028988 -3.063320 0.233985 8.969760 0.140871 54.536098 0.856497 1.666790e-06 2.617720e-08 1.013410e-05 1.591570e-07 1.066080 111
1711 -0.448000 7.744000 0.046152 0.001150 320.867004 9.248150 535.520020 458.812012 -0.793829 0.033194 -4.726000 3.446760 7.601050 0.094721 62.267799 0.775957 1.987870e-06 2.477200e-08 1.628460e-05 2.029330e-07 4.153670 9
1712 0.030891 114.462997 0.008238 0.000594 203.350006 11.266200 179.334000 22.717501 -0.955896 0.075963 -2.669120 0.207469 1.128310 0.040662 129.115005 4.653000 2.390950e-07 8.616440e-09 2.736020e-05 9.859970e-07 1.000860 9
1721 0.064000 30.464001 0.030134 0.001807 188.501999 13.021400 199.970993 42.431499 -1.379750 0.058449 -2.613470 0.259553 5.833040 0.174859 177.324005 5.315710 1.140700e-06 3.419530e-08 3.467740e-05 1.039540e-06 0.969598 110
1733 -5.120000 11.264000 0.007789 0.000360 614.062988 115.620003 342.777008 105.223000 -1.089950 0.057046 -2.068900 0.251552 1.818690 0.042052 29.797300 0.688989 5.669340e-07 1.310890e-08 9.288650e-06 2.147770e-07 1.273510 9
1872 0.023563 163.416000 0.013625 0.000277 588.426025 34.099300 295.421997 20.565800 -0.781386 0.030564 -1.953230 0.051411 3.224800 0.032765 526.906006 5.353510 1.128670e-06 1.146760e-08 1.844150e-04 1.873710e-06 2.832260 9
1886 0.064000 14.592000 0.040069 0.000581 471.089996 10.472400 285.417999 8.734310 -0.361502 0.019737 -2.259980 0.043595 8.715120 0.063184 126.612999 0.917931 3.825170e-06 2.773200e-08 5.557210e-05 4.028910e-07 1.375530 113
1982 0.000000 26.240000 0.010356 0.001848 237.238007 30.416901 127.782997 16.761700 -0.383540 0.178501 -1.954540 0.107602 1.331020 0.118725 34.925999 3.115360 4.490770e-07 4.005710e-08 1.178380e-05 1.051100e-06 1.094080 113
1989 -8.192000 299.007996 0.004437 0.000763 97.547699 9.192840 151.804001 92.674599 -1.590190 0.140932 -2.760660 0.725089 0.788048 0.067717 242.087997 20.802500 1.214910e-07 1.043970e-08 3.732210e-05 3.207070e-06 1.442110 9
1997 0.000000 40.832001 0.029432 0.018359 66.131897 7.620500 47.805302 4.209670 -1.083920 0.370605 -2.062040 0.016381 2.283800 0.712286 93.252296 29.084101 4.756930e-07 1.483620e-07 1.942350e-05 6.057910e-06 1.036660 112
2061 -60.416000 152.576004 0.005349 0.000631 288.967987 34.017899 285.308990 174.841995 -0.636132 0.145064 -3.211330 1.617230 0.788378 0.046498 167.917999 9.903660 2.010430e-07 1.185730e-08 4.282060e-05 2.525520e-06 1.829850 9
2080 0.000000 40.256001 0.013603 0.000476 302.739990 18.325500 231.121994 27.945900 -1.117900 0.036734 -2.391910 0.142504 2.587610 0.045235 104.167000 1.820980 6.940210e-07 1.213240e-08 2.793850e-05 4.884030e-07 0.803702 112
2090 0.000000 41.408001 0.011296 0.000706 183.190002 9.152930 142.893997 12.191600 -1.047120 0.057300 -2.403640 0.104419 1.713820 0.053553 70.966003 2.217540 3.641410e-07 1.137870e-08 1.507840e-05 4.711680e-07 0.934947 109
2110 -2.048000 27.214199 0.012010 0.000230 459.233002 15.701100 414.638000 51.345200 -0.663343 0.030400 -3.004290 0.287071 2.466140 0.023609 72.164703 0.690844 7.928570e-07 7.590150e-09 2.320080e-05 2.221050e-07 2.302050 9
2122 0.064000 61.183998 0.004743 0.000288 384.273987 115.378998 610.012024 1758.250000 -1.579480 0.067339 -2.887210 3.825430 1.405030 0.042624 85.875504 2.605150 2.954300e-07 8.962250e-09 1.805670e-05 5.477730e-07 0.827260 111
2127 0.000000 29.888000 0.014147 0.000279 644.802979 56.745098 547.174011 173.201004 -1.164040 0.025715 -2.550400 0.431872 3.687700 0.036313 110.218002 1.085330 1.255150e-06 1.235950e-08 3.751390e-05 3.694020e-07 0.925889 115
2138 0.027062 96.155098 0.013488 0.000502 159.352997 4.758100 189.274002 21.377199 -1.384290 0.036938 -2.750330 0.153621 2.185820 0.040703 210.117996 3.912720 4.064170e-07 7.568100e-09 3.906800e-05 7.275060e-07 1.910140 9
2151 0.000000 2.112000 0.075762 0.005829 426.359985 119.247002 305.164001 140.694000 -1.396190 0.108701 -2.225130 0.321575 18.702400 0.719475 39.499599 1.519530 4.940750e-06 1.900680e-07 1.043490e-05 4.014240e-07 0.976791 109
2156 0.030328 173.056000 0.016133 0.000368 303.404999 15.529600 227.483002 20.986900 -1.318750 0.024114 -2.284170 0.079619 3.386520 0.038609 585.955017 6.680280 7.630490e-07 8.699270e-09 1.320270e-04 1.505200e-06 1.326050 9
2193 0.000000 36.160000 0.013964 0.000642 282.220001 6.641830 204.266006 9.766370 0.473501 0.066051 -2.887950 0.149956 1.427440 0.032822 51.616299 1.186850 4.840480e-07 1.113000e-08 1.750320e-05 4.024620e-07 1.036460 108
2228 0.064000 48.256001 0.013737 0.000731 203.871002 8.331770 156.369995 10.634700 -0.917173 0.054542 -2.445460 0.091419 2.163670 0.057544 104.272003 2.773150 4.685020e-07 1.246000e-08 2.257800e-05 6.004740e-07 1.265680 111
2276 0.064000 44.096001 0.018939 0.025415 40.384102 14.135500 62.987499 37.030701 -1.162940 0.854640 -3.255900 0.419106 1.159690 0.778116 51.063301 34.262001 1.060770e-07 7.117480e-08 4.670790e-06 3.133970e-06 0.976124 108
2286 0.000000 24.000000 0.026868 0.000970 292.791992 13.695600 347.319000 120.417999 -0.959291 0.043826 -3.339470 0.846886 5.147030 0.092888 123.528999 2.229320 1.183050e-06 2.135050e-08 2.839320e-05 5.124120e-07 0.751452 111
2287 0.000000 61.695999 0.006054 0.000227 326.325989 20.025499 420.390991 260.484985 -1.025640 0.042963 -3.461450 1.547000 1.260110 0.023591 77.743698 1.455480 3.005590e-07 5.626910e-09 1.854330e-05 3.471580e-07 0.862010 112
2316 0.000000 29.440001 0.022634 0.000708 157.050003 5.661140 194.667007 23.220800 -1.571420 0.030001 -2.565660 0.114932 5.609600 0.087730 165.147003 2.582770 9.310840e-07 1.456150e-08 2.741110e-05 4.286900e-07 1.006010 108
2329 0.027437 29.675400 0.055248 0.000341 926.534973 40.036499 381.321991 21.915300 -1.177660 0.007766 -1.832350 0.026656 14.732000 0.045492 436.774994 1.348750 4.676810e-06 1.444180e-08 1.386580e-04 4.281720e-07 7.030480 9
2383 0.064000 34.112000 0.003983 0.000216 671.067993 104.667000 354.625000 76.191902 -0.610760 0.083767 -2.027290 0.225169 1.088060 0.029445 37.046200 1.002560 5.257910e-07 1.422920e-08 1.790210e-05 4.844750e-07 0.971174 111
2387 0.000000 38.208000 0.043361 0.005093 132.244995 4.172030 91.306503 3.169910 -0.273160 0.096634 -2.331260 0.047896 2.482550 0.145782 94.853302 5.570050 5.589230e-07 3.282150e-08 2.135530e-05 1.254040e-06 1.311780 112
2389 0.000000 57.216000 0.036736 0.001295 136.716995 1.234450 436.713013 17171.000000 -0.593848 0.035175 -9.320040 353.213013 3.093120 0.054501 176.975998 3.118320 4.486460e-07 7.905140e-09 2.566970e-05 4.523010e-07 1.582250 114
2431 0.023922 2.087920 0.173014 0.007843 198.753998 7.880910 130.533997 5.836780 -0.994773 0.041355 -2.188720 0.034413 25.256599 0.572463 52.129501 1.181560 5.595870e-06 1.268350e-07 1.154990e-05 2.617880e-07 2.066640 8
2450 0.026844 78.874802 0.009290 0.000457 221.279999 11.083200 265.377991 84.306801 -1.089630 0.051069 -3.170360 0.682669 1.484360 0.036490 117.039001 2.877140 3.017490e-07 7.417810e-09 2.379230e-05 5.848800e-07 0.436880 9
2486 0.000000 66.688004 0.008169 0.000352 196.520004 8.892380 1188.400024 2650530.000000 -1.291920 0.044833 -9.765620 19100.199219 1.647310 0.035474 109.856003 2.365680 2.785280e-07 5.997920e-09 1.857450e-05 3.999890e-07 0.659279 114
2522 0.000000 74.751999 0.011163 0.002340 199.550995 11.497800 112.351997 6.157160 0.909858 0.232129 -2.002230 0.063961 0.592932 0.062136 44.322800 4.644780 2.299300e-07 2.409530e-08 1.718770e-05 1.801170e-06 1.098870 111
2533 0.030281 67.102303 0.026870 0.000279 412.808990 8.307690 278.148987 9.321540 -0.870804 0.013295 -2.324110 0.041601 5.678150 0.029482 380.845001 1.977440 1.584060e-06 8.224820e-09 1.062460e-04 5.516550e-07 0.942064 10
2537 0.064000 6.144000 0.137607 0.004961 94.378998 1.204030 128.645996 6.376400 -1.395260 0.029102 -2.883670 0.067143 20.498899 0.369516 124.633003 2.246660 2.968280e-06 5.350680e-08 1.804720e-05 3.253210e-07 1.046130 110
2571 0.064000 54.335999 0.005297 0.002730 669.268005 4142.740234 60.554501 354.802002 -1.483620 0.347978 -1.557770 0.016176 1.461750 0.376770 79.332001 20.448099 5.375430e-07 1.385530e-07 2.917350e-05 7.519570e-06 0.795115 112
2606 -50.175999 99.328003 0.005386 0.001065 274.105011 71.051399 294.782013 456.703003 -0.992321 0.208127 -3.067790 3.307180 0.982836 0.097172 146.938004 14.527500 2.114880e-07 2.090950e-08 3.161830e-05 3.126060e-06 0.530962 9
2611 0.000000 2.496000 0.064683 0.001164 638.606995 41.314701 2343.580078 565470.000000 -1.083510 0.022938 -7.774380 1623.060059 16.963200 0.152568 42.340199 0.380809 5.799210e-06 5.215830e-08 1.447480e-05 1.301870e-07 1.623000 113
2617 0.064000 18.688000 0.022548 0.000436 458.005005 19.101700 369.476990 37.520901 -0.884311 0.026124 -2.623490 0.167157 5.220350 0.050527 97.223801 0.941015 1.672030e-06 1.618330e-08 3.113980e-05 3.013980e-07 1.484860 111
2619 -1.024000 125.952003 0.010191 0.054904 61.330799 25.550200 48.846001 21.655199 -0.766891 3.278720 -2.228430 0.136626 0.420959 1.133970 53.451698 143.987000 7.031290e-08 1.894070e-07 8.928060e-06 2.405020e-05 1.424240 9
2661 0.000000 12.928000 0.103955 0.003712 177.132004 3.329670 159.656006 6.971930 -0.783638 0.035385 -2.804670 0.084718 12.170200 0.217293 157.337006 2.809170 2.458480e-06 4.389500e-08 3.178330e-05 5.674750e-07 1.179740 109
2676 0.027047 44.763000 0.057251 0.000576 346.635986 5.282210 337.503998 18.061800 -0.913355 0.013580 -2.951020 0.108250 10.271700 0.051678 459.514008 2.311860 2.740310e-06 1.378680e-08 1.225900e-04 6.167650e-07 6.302010 9
2700 0.064000 56.320000 0.008056 0.000838 193.029999 12.692200 174.093994 31.191000 -0.822518 0.108261 -2.793960 0.350244 1.032910 0.053739 58.107399 3.023140 2.176730e-07 1.132480e-08 1.224540e-05 6.370900e-07 0.857207 110
2703 0.000000 59.456001 0.004979 0.000196 380.976990 35.010101 419.643005 213.005005 -1.160460 0.046188 -2.954860 0.922687 1.140040 0.022479 67.782204 1.336530 2.929730e-07 5.776820e-09 1.741900e-05 3.434670e-07 1.126350 114
2770 0.064000 34.816002 0.002426 0.000085 3637.719971 4238.229980 10251.599609 48307000.000000 -1.377290 0.056958 -4.882810 16538.599609 0.734108 0.012885 25.511700 0.447793 3.155410e-07 5.538520e-09 1.096570e-05 1.924750e-07 0.976560 113
2790 0.064000 47.807999 0.011435 0.000391 208.317001 8.060420 369.274994 225.408997 -1.313140 0.037959 -3.665840 1.480780 2.208930 0.037724 105.462997 1.801100 4.150060e-07 7.087450e-09 1.981400e-05 3.383830e-07 1.545340 114
2797 0.000000 4.160000 0.052996 0.002183 268.609985 11.169500 197.289993 14.279100 -0.738248 0.042970 -2.474290 0.111908 8.179900 0.168461 34.028400 0.700797 2.220810e-06 4.573650e-08 9.238590e-06 1.902640e-07 0.916095 110
2798 0.030344 64.094299 0.035371 0.000605 382.476013 12.902400 247.477997 12.901300 -0.963799 0.021110 -2.237000 0.054942 7.798890 0.066664 499.627991 4.270780 2.314800e-06 1.978680e-08 1.482960e-04 1.267620e-06 3.429330 9
2812 0.000000 29.056000 0.017490 0.000504 242.341995 8.373540 272.696014 48.610401 -1.101620 0.030289 -3.030750 0.352479 3.377580 0.048702 98.139000 1.415090 6.854850e-07 9.884150e-09 1.991750e-05 2.871940e-07 0.855300 111
2831 0.030297 180.223999 0.020202 0.000167 725.226990 31.432199 2935.580078 647678.000000 -1.176830 0.010575 -7.812500 1470.290039 5.678440 0.023522 1023.219971 4.238560 1.880030e-06 7.787800e-09 3.387690e-04 1.403310e-06 10.042900 9
2833 0.000000 13.312000 0.043126 0.000861 266.178986 9.915370 255.934006 25.232901 -1.333400 0.020201 -2.552680 0.116744 10.061700 0.100453 133.942001 1.337230 2.114510e-06 2.111050e-08 2.814830e-05 2.810230e-07 1.217890 114
2852 0.000000 36.736000 0.024714 0.000484 342.954010 8.805760 386.877014 64.525101 -0.783254 0.025956 -3.439710 0.451697 4.739860 0.046400 174.123993 1.704560 1.258930e-06 1.232410e-08 4.624800e-05 4.527400e-07 1.217150 112
2855 0.000000 35.647999 0.029563 0.000623 360.226013 8.138780 230.977997 7.121500 -0.313833 0.030358 -2.359160 0.047619 5.111630 0.053826 182.218994 1.918790 1.895250e-06 1.995720e-08 6.756190e-05 7.114340e-07 1.524950 114
2856 0.030391 151.837997 0.023839 0.000688 372.433014 22.139400 303.561005 47.325699 -1.031080 0.037139 -2.545520 0.228241 4.406350 0.063597 668.919006 9.654580 9.881110e-07 1.426150e-08 1.500030e-04 2.165010e-06 2.745980 10
2863 -1.024000 27.648001 0.009048 0.000772 289.578003 27.490400 248.513000 81.093597 -0.726866 0.098769 -2.802140 0.682472 1.528870 0.065257 43.835800 1.871060 3.931560e-07 1.678130e-08 1.127260e-05 4.811520e-07 0.906205 10
2889 0.064000 61.183998 0.008618 0.000592 356.307007 29.916800 228.878998 27.652201 -0.510524 0.094840 -2.319590 0.173097 1.576520 0.054156 96.357101 3.310000 5.437490e-07 1.867850e-08 3.323400e-05 1.141630e-06 1.082140 113
2890 0.064000 38.591999 0.004577 0.000144 887.039978 142.233002 533.093994 173.548996 -0.921154 0.055513 -2.187480 0.369985 1.271130 0.019934 48.974098 0.768036 5.838470e-07 9.156180e-09 2.249450e-05 3.527690e-07 1.116040 111
2891 0.064000 40.063999 0.008968 0.000181 1122.459961 144.106995 3160.070068 437956.000000 -0.943831 0.031625 -6.867200 824.184021 2.881050 0.029116 115.241997 1.164650 1.379810e-06 1.394450e-08 5.519250e-05 5.577800e-07 1.305920 114
2895 0.000000 4.032000 0.051159 0.002749 225.173996 9.773420 170.438995 13.064600 -0.748829 0.053096 -2.503990 0.121730 6.812320 0.183012 27.467300 0.737906 1.726060e-06 4.637050e-08 6.959480e-06 1.869660e-07 0.991433 112
2919 0.000000 8.512000 0.016750 0.000858 358.848999 53.105202 215.626999 44.550999 -1.316060 0.054534 -2.090350 0.125131 4.286340 0.109743 36.485401 0.934133 1.095260e-06 2.804190e-08 9.322870e-06 2.386930e-07 0.877329 111
2929 0.896000 42.368000 0.012424 0.000194 619.781982 35.299801 365.220001 35.516800 -1.015250 0.019127 -2.136100 0.093036 3.251110 0.025350 134.830002 1.051310 1.201130e-06 9.365530e-09 4.981330e-05 3.884070e-07 1.267710 114
2940 0.030250 58.846298 0.009873 0.000185 431.756989 20.580900 409.166992 75.501701 -1.102890 0.023188 -2.751290 0.303137 2.278760 0.021371 134.028000 1.256950 5.756100e-07 5.398230e-09 3.385510e-05 3.175020e-07 1.227320 10
2984 0.000000 26.944000 0.008005 0.000248 687.299988 94.874901 334.932007 63.381802 -1.071690 0.038451 -1.942680 0.121873 2.185510 0.033807 58.886501 0.910885 8.328370e-07 1.288270e-08 2.244000e-05 3.471120e-07 1.320620 114
2993 0.000000 22.976000 0.005739 0.000154 1688.729980 482.502991 837.169006 549.369019 -0.994524 0.040449 -1.976550 0.590966 1.883710 0.025314 43.280102 0.581610 9.938370e-07 1.335550e-08 2.283440e-05 3.068550e-07 0.941901 110
2994 2.240000 42.240002 0.011591 0.000166 1120.079956 118.536003 4389.990234 2248320.000000 -1.133850 0.019166 -7.904050 3477.250000 3.619880 0.025958 144.794998 1.038340 1.481210e-06 1.062190e-08 5.924840e-05 4.248740e-07 1.015800 111
3002 0.031063 133.406998 0.007816 0.000477 207.283005 14.522600 1238.900024 4678260.000000 -1.283160 0.063523 -9.765620 32357.500000 1.421920 0.043429 189.649994 5.792430 2.649710e-07 8.092950e-09 3.534080e-05 1.079410e-06 0.980768 9
3003 0.000000 24.511999 0.009987 0.000301 521.708008 56.917400 289.493988 46.194199 -1.155360 0.034656 -2.052260 0.113109 2.475740 0.037348 60.685398 0.915478 8.241390e-07 1.243260e-08 2.020130e-05 3.047490e-07 0.796598 114
3035 0.030219 106.141998 0.011094 0.000418 253.557007 15.231700 311.677002 96.381203 -1.279910 0.040673 -2.979200 0.534983 2.383650 0.044939 252.934006 4.768560 4.828660e-07 9.103450e-09 5.123780e-05 9.659850e-07 1.256310 8
3042 0.128000 56.192001 0.011172 0.000375 250.397995 10.883900 200.367004 19.664301 -1.070820 0.033601 -2.465100 0.131694 2.161360 0.036229 121.175003 2.031150 4.899330e-07 8.212360e-09 2.746760e-05 4.604180e-07 0.954223 111
3057 0.030235 85.790199 0.043515 0.000219 608.260010 10.564800 401.213013 14.182600 -0.976988 0.006676 -2.284510 0.041913 10.099100 0.025466 866.101990 2.183970 3.312760e-06 8.353460e-09 2.841020e-04 7.163930e-07 11.695300 9
3067 0.000000 12.800000 0.049293 0.000995 387.720001 18.392200 278.669006 22.092899 -1.153290 0.024093 -2.315820 0.078671 10.459100 0.105594 133.876999 1.351610 3.086190e-06 3.115790e-08 3.950320e-05 3.988220e-07 1.174350 112
3071 -6.144000 40.959999 0.004705 0.000970 216.065002 45.685101 180.600998 83.902603 -1.090950 0.210722 -2.505460 0.628704 0.853864 0.088015 40.220402 4.145880 1.783070e-07 1.837970e-08 8.398980e-06 8.657580e-07 0.726949 9
3110 0.033828 9.920000 0.009817 0.000300 562.989990 27.077101 609.973022 350.673004 -0.074395 0.063853 -4.161490 2.389680 2.492790 0.038124 24.644199 0.376904 1.202770e-06 1.839490e-08 1.189080e-05 1.818550e-07 0.998699 114
3115 0.026094 30.656000 0.015497 0.000692 276.967010 12.050900 179.867004 11.616500 -0.600513 0.049627 -2.291890 0.090876 2.467740 0.055109 75.586700 1.687980 7.199450e-07 1.607760e-08 2.205180e-05 4.924570e-07 1.010550 109
3128 0.032687 48.000000 0.024940 0.000494 362.998993 9.163500 233.589996 8.682900 -0.537052 0.025987 -2.319110 0.053314 4.671960 0.046245 224.102005 2.218230 1.608290e-06 1.591940e-08 7.714550e-05 7.636130e-07 1.401700 112
3138 0.029328 14.080000 0.021517 0.000787 177.259995 6.230980 495.889008 1519.199951 -1.379560 0.037044 -4.763420 10.632900 4.460670 0.081539 62.675400 1.145680 7.235190e-07 1.322560e-08 1.016590e-05 1.858290e-07 1.140590 111
3152 0.026250 2.560000 0.009438 0.000394 2009.089966 855.077026 6779.540039 10582100.000000 -0.947393 0.070358 -8.038210 11088.400391 3.391890 0.070779 8.594210 0.179335 1.977250e-06 4.125920e-08 5.009850e-06 1.045400e-07 1.280900 114
3178 0.032703 54.720001 0.011194 0.000189 626.393005 43.327000 357.921997 38.521801 -1.102970 0.022447 -2.092300 0.086514 3.044040 0.025637 166.470001 1.402040 1.062660e-06 8.949890e-09 5.811390e-05 4.894450e-07 1.209600 114
3227 0.030391 124.445999 0.012828 0.000347 299.911011 13.531100 222.276993 18.698000 -1.107030 0.029768 -2.356230 0.095290 2.357330 0.031877 293.289001 3.966040 5.754970e-07 7.782220e-09 7.160100e-05 9.682331e-07 1.559130 9
3245 -2.048000 86.558296 0.036132 0.000443 333.864990 5.705550 227.845993 6.270480 -0.785786 0.015014 -2.352140 0.036671 6.218170 0.038111 550.968994 3.376880 1.731910e-06 1.061480e-08 1.534580e-04 9.405410e-07 11.937100 9
3247 -102.400002 198.656006 0.001999 0.000273 349.580994 68.375198 334.276001 346.496002 -0.735240 0.168380 -3.063570 2.461420 0.368684 0.025147 110.994003 7.570760 9.690820e-08 6.609960e-09 2.917480e-05 1.989970e-06 0.713735 9
3253 0.023547 64.919502 0.038445 0.000444 222.102005 2.619920 271.019012 18.621901 -1.120430 0.012192 -3.168000 0.144598 6.214730 0.035876 403.311005 2.328210 1.270370e-06 7.333510e-09 8.244190e-05 4.759150e-07 4.016580 9
3255 0.127469 37.504002 1.703740 18.485300 14.182600 103.217003 20.780300 60.301300 -0.408888 2.920310 -2.266780 0.013962 4.227850 22.935600 158.022003 857.254028 5.614850e-07 3.045990e-06 2.098640e-05 1.138490e-04 1.286250 111
3287 0.090719 32.256001 0.013721 0.001266 186.248993 14.042600 161.850998 24.868099 -1.100590 0.088551 -2.543050 0.207363 2.253810 0.103996 72.494301 3.345070 4.514770e-07 2.083230e-08 1.452190e-05 6.700760e-07 1.052030 113
3290 0.026281 46.784000 0.012844 0.000813 116.268997 4.794590 167.324005 39.031601 -1.515880 0.053661 -2.805190 0.307989 2.439430 0.077202 114.061996 3.609810 3.857950e-07 1.220960e-08 1.803890e-05 5.708920e-07 0.876421 115
3298 0.030422 81.310402 0.012061 0.001956 297.191010 71.704300 200.261002 74.966003 -0.996068 0.180159 -2.264610 0.400740 2.101090 0.170396 170.776993 13.849800 5.351410e-07 4.339930e-08 4.349630e-05 3.527500e-06 0.989289 9
3301 0.029484 22.656000 0.007645 0.000409 427.390991 48.165001 222.255005 30.846901 -0.849455 0.060266 -1.978780 0.106696 1.695200 0.045338 38.356499 1.025830 6.152560e-07 1.645480e-08 1.392110e-05 3.723160e-07 1.121460 113
3330 0.108297 54.528000 0.005193 0.000251 492.596008 55.457600 276.024994 44.677399 -0.780512 0.063252 -2.085300 0.165336 1.169570 0.028225 63.647598 1.535970 4.500070e-07 1.085980e-08 2.448920e-05 5.909860e-07 0.889828 109
3345 0.032984 11.584000 0.031465 0.002352 195.800995 16.209000 130.011002 14.451100 -1.166730 0.064997 -2.166910 0.090021 5.498970 0.205495 63.518700 2.373670 1.273970e-06 4.760770e-08 1.471560e-05 5.499170e-07 0.954905 111
3352 0.033109 58.880001 0.017488 0.000896 143.240997 3.973550 132.098007 8.462510 -1.143790 0.046263 -2.573570 0.087758 2.089930 0.053513 122.986000 3.149090 4.330030e-07 1.108720e-08 2.548090e-05 6.524460e-07 0.951673 111
3360 0.090203 75.839996 0.003090 0.000257 565.307007 175.923004 169.070999 53.025700 -1.000050 0.092366 -1.553960 0.061477 0.801650 0.033362 60.724800 2.527180 3.475150e-07 1.446250e-08 2.632420e-05 1.095530e-06 1.072150 111
3408 1.950360 60.062401 0.029761 0.000347 308.113007 5.489810 279.285004 13.730700 -1.044020 0.013832 -2.699530 0.079292 5.042910 0.029398 293.053986 1.708360 1.290020e-06 7.520170e-09 7.496540e-05 4.370120e-07 0.302368 9
3415 0.025609 54.591999 0.014248 0.000659 178.037994 7.928160 222.020996 50.579300 -1.311190 0.043825 -2.932420 0.380052 2.871880 0.066439 156.707993 3.625330 4.883400e-07 1.129740e-08 2.664700e-05 6.164580e-07 0.988284 112
3448 -40.959999 296.959991 0.001622 0.000409 503.931000 914.921997 204.447998 454.752991 -1.555110 0.260585 -1.894030 0.512101 0.489163 0.061631 165.298004 20.826500 1.218760e-07 1.535560e-08 4.118440e-05 5.188970e-06 1.489470 9
3458 0.026875 22.298901 0.034414 0.000842 256.825989 4.705180 193.248993 6.428400 -0.488252 0.028099 -2.616130 0.063847 4.772510 0.058413 106.292999 1.300970 1.257040e-06 1.538540e-08 2.799670e-05 3.426640e-07 1.638720 8
3464 0.032938 30.271999 0.006186 0.000366 320.929993 34.556900 1083.979980 165695.000000 -1.140520 0.070180 -6.879550 887.494995 1.361060 0.040295 41.157200 1.218480 3.039100e-07 8.997400e-09 9.189950e-06 2.720730e-07 1.322840 109
3480 0.033375 6.528000 0.029293 0.001007 341.259003 13.740900 258.446991 21.234400 -0.560310 0.041689 -2.635490 0.157417 5.212520 0.089579 33.853298 0.581782 1.608640e-06 2.764500e-08 1.044750e-05 1.795440e-07 0.937727 109
3481 0.033422 47.616001 0.014639 0.000487 347.191010 24.275700 200.136002 19.235800 -1.084440 0.036455 -2.074050 0.074134 3.315270 0.055136 157.748993 2.623510 9.477740e-07 1.576240e-08 4.509750e-05 7.500140e-07 1.175700 112
3489 0.116203 16.511999 0.030816 0.000841 313.515015 9.049580 328.931000 41.988800 -0.698718 0.037792 -3.325490 0.338027 5.390370 0.073591 88.379501 1.206580 1.399040e-06 1.910000e-08 2.293830e-05 3.131590e-07 1.150950 111
3491 0.090344 20.672001 0.057109 0.000911 212.794006 6.134970 197.177994 11.617100 -1.497100 0.015176 -2.370010 0.047509 14.427300 0.115124 296.938995 2.369440 2.739290e-06 2.185840e-08 5.637910e-05 4.498810e-07 2.218990 109
3492 0.031812 43.903999 0.023944 0.000297 413.803009 19.763800 470.529999 109.360001 -1.421400 0.013325 -2.702280 0.299206 6.595830 0.040964 289.373993 1.797200 1.534710e-06 9.531540e-09 6.733110e-05 4.181700e-07 2.241580 112
3523 0.033016 28.864000 0.035380 0.000308 798.122986 28.262199 379.377014 17.500700 -0.822931 0.012411 -1.905070 0.034572 10.434600 0.045418 300.838989 1.309450 4.945740e-06 2.152710e-08 1.425910e-04 6.206490e-07 1.277490 113
3537 0.109094 76.288002 0.010364 0.000208 290.069000 23.237801 2961.030029 8198720.000000 -1.663040 0.019838 -8.513370 19048.099609 3.138890 0.031557 239.117996 2.403980 5.857230e-07 5.888600e-09 4.461970e-05 4.485870e-07 1.293450 113
3567 -47.104000 514.047974 0.000377 0.026290 330.907013 48047.500000 52.850101 7159.020020 -0.615561 45.527302 -0.953192 0.229608 0.109360 3.810590 61.367699 2138.320068 7.874100e-08 2.743680e-06 4.418570e-05 1.539620e-03 1.409610 9
3571 0.091750 36.352001 0.013077 0.000364 299.766998 13.427900 347.686005 95.847397 -1.101430 0.029775 -3.110910 0.566327 2.757040 0.038330 99.971001 1.389850 6.201020e-07 8.621000e-09 2.248500e-05 3.126000e-07 1.215230 112
3593 0.026000 35.520000 0.006342 0.000144 1124.890015 206.416000 757.372986 451.138000 -1.145450 0.031020 -2.277170 0.653141 1.981850 0.022490 70.343903 0.798272 8.055250e-07 9.141210e-09 2.859130e-05 3.244580e-07 1.446780 113
3634 0.032984 130.815994 0.004792 0.000763 228.675003 26.036100 146.408005 21.380199 -0.546482 0.170278 -2.248790 0.188304 0.645142 0.051360 84.373596 6.716980 1.755880e-07 1.397850e-08 2.296390e-05 1.828150e-06 1.209940 110
3657 0.032359 37.952000 0.014811 0.000621 310.533997 21.955400 267.673004 52.799900 -1.079530 0.046033 -2.592270 0.292680 3.131840 0.065676 118.758003 2.490410 7.639210e-07 1.601980e-08 2.896760e-05 6.074630e-07 0.817782 113
3658 0.025875 11.392000 0.053556 0.001947 220.710007 6.080870 148.171997 5.449570 -0.656749 0.034325 -2.308160 0.047622 7.489100 0.136110 85.122002 1.547050 1.894500e-06 3.443160e-08 2.153310e-05 3.913530e-07 1.182000 114
3662 0.029172 29.823999 0.005503 0.000367 468.657013 100.022003 175.473007 39.792400 -1.082860 0.067163 -1.720720 0.072837 1.423960 0.047499 42.426701 1.415220 5.111690e-07 1.705100e-08 1.523020e-05 5.080310e-07 0.776451 113
3663 0.029187 165.376007 0.002345 0.000646 215.188995 92.312897 101.293999 41.402100 -1.258840 0.233590 -1.870490 0.104032 0.512512 0.070570 84.742203 11.668500 1.316840e-07 1.813200e-08 2.177350e-05 2.998070e-06 1.038660 110
3734 0.147438 3.712000 0.136890 0.002134 361.865997 6.775960 408.300995 47.828400 -0.595374 0.019763 -3.668080 0.366067 25.190100 0.196302 89.791801 0.699729 7.336160e-06 5.716920e-08 2.615020e-05 2.037830e-07 1.405600 110
3765 0.183922 73.279999 0.015838 0.000511 220.184998 6.496930 185.089005 12.207600 -0.972621 0.032946 -2.583220 0.101832 2.686060 0.043344 196.341003 3.168270 5.750810e-07 9.279850e-09 4.203610e-05 6.783210e-07 0.769154 111
3767 0.028188 6.592000 0.046291 0.000853 463.595001 20.289900 1822.189941 804638.000000 -1.007150 0.023803 -8.758500 3446.469971 11.051600 0.101830 72.540703 0.668392 3.206090e-06 2.954100e-08 2.104420e-05 1.939020e-07 1.374290 108
3788 0.175812 49.408001 0.033388 0.002018 175.061996 4.938000 113.799004 3.692120 -0.482285 0.056963 -2.238720 0.039540 3.453390 0.104353 170.018005 5.137540 8.351780e-07 2.523720e-08 4.111760e-05 1.242480e-06 1.085280 109
3860 0.033344 29.760000 0.010840 0.000232 535.294983 24.100201 341.335999 25.698400 -0.574747 0.031388 -2.325830 0.111625 2.625720 0.028063 78.053703 0.834225 1.107850e-06 1.184050e-08 3.293270e-05 3.519790e-07 1.183630 112
3870 0.025906 11.776000 0.024173 0.003313 118.164001 19.275700 76.445297 11.488000 -1.606060 0.098305 -2.032430 0.031054 6.046060 0.414354 71.041801 4.868700 1.141780e-06 7.824910e-08 1.341600e-05 9.194340e-07 1.502860 112
3891 0.090328 42.368000 0.012927 0.002528 144.895004 13.035100 87.941399 7.654950 -0.687175 0.156738 -2.054250 0.063834 1.394610 0.136373 58.960899 5.765550 3.289570e-07 3.216740e-08 1.390750e-05 1.359960e-06 1.192440 112
3918 0.032547 25.600000 0.008963 0.000903 319.076996 38.145100 150.298004 18.415199 -0.524509 0.115332 -1.798940 0.074481 1.618030 0.081495 41.368900 2.083610 6.392660e-07 3.219760e-08 1.634440e-05 8.232120e-07 0.935025 111
3929 0.090813 16.384001 0.013872 0.000370 482.127014 45.278400 2134.629883 1264650.000000 -1.255110 0.031744 -7.812500 3907.770020 3.628120 0.048417 59.113701 0.788862 9.653750e-07 1.288280e-08 1.572900e-05 2.099010e-07 0.970009 114
3930 0.032406 46.208000 0.016342 0.000212 619.656982 29.307199 1525.369995 29191.900391 -1.002680 0.016424 -5.872520 93.966904 4.353280 0.028283 201.014999 1.306000 1.491570e-06 9.690730e-09 6.887390e-05 4.474750e-07 2.281600 113
3937 0.029781 73.727997 0.009527 0.001083 164.766998 7.810920 601.320007 338769.000000 -0.732719 0.115141 -9.790370 5211.180176 1.083780 0.061586 79.872902 4.538800 1.734140e-07 9.854310e-09 1.278030e-05 7.262450e-07 0.962457 113
3954 0.030516 11.904000 0.023075 0.001394 262.337006 23.663401 130.951004 12.133200 -1.055810 0.056251 -1.908450 0.041025 4.711530 0.142344 55.942299 1.690120 1.337100e-06 4.039640e-08 1.587610e-05 4.796460e-07 1.209540 113
4039 0.025453 45.183998 0.007108 0.000136 1321.680054 220.557999 6606.850098 46852200.000000 -1.121150 0.029453 -9.890990 62308.800781 2.292400 0.021996 103.521004 0.993325 1.002240e-06 9.616840e-09 4.525970e-05 4.342820e-07 1.416120 111
4368 -1.408000 45.695999 0.144574 0.008931 118.959999 2.730090 96.077003 2.791490 -1.145480 0.051839 -2.346190 0.020198 20.949499 0.647084 986.807007 30.480301 3.504810e-06 1.082560e-07 1.650910e-04 5.099280e-06 5.350620 10
4556 0.026469 6.912000 0.071873 0.002269 235.100006 7.315460 156.806000 6.587930 -0.850576 0.029266 -2.261630 0.046664 11.883300 0.187612 81.822502 1.291810 2.971970e-06 4.692120e-08 2.046360e-05 3.230770e-07 1.347130 113
4701 0.029297 55.360001 0.012127 0.000395 232.307007 7.015310 1058.209961 1943560.000000 -1.000350 0.037818 -10.000000 16726.800781 2.119170 0.034512 117.254997 1.909560 4.047890e-07 6.592220e-09 2.239730e-05 3.647520e-07 1.157810 111
4898 0.026641 1.216000 1.060930 0.250319 58.206799 1.405820 69.267502 3.846750 -0.623716 0.165442 -3.308220 0.064475 37.377998 4.409550 44.455799 5.244540 3.741540e-06 4.413970e-07 4.450040e-06 5.249800e-07 1.279620 110
5299 40.923302 69.211304 0.053907 0.000733 97.101997 1.275010 280.527008 46.101299 -1.705380 0.012511 -3.331850 0.273147 13.769900 0.093650 389.522003 2.649180 1.854400e-06 1.261200e-08 5.245740e-05 3.567690e-07 21.076500 9
5304 0.023969 25.528000 0.061072 0.000911 285.322998 4.286900 197.962006 4.590500 -0.630907 0.016022 -2.410740 0.034678 9.967160 0.074343 254.201996 1.896050 2.731170e-06 2.037130e-08 6.965580e-05 5.195500e-07 0.910494 9
5470 0.042234 3.584000 0.014854 0.000583 940.296997 158.856995 384.273010 74.530197 -0.649587 0.065821 -1.717430 0.114419 4.904130 0.096213 17.369301 0.340764 2.866170e-06 5.623080e-08 1.015130e-05 1.991560e-07 0.845063 112
5473 0.090484 73.024002 0.004774 0.000339 353.470001 45.363701 1491.410034 5328830.000000 -0.977095 0.079143 -9.536750 30842.199219 1.005010 0.035707 73.298897 2.604230 2.498620e-07 8.877300e-09 1.822330e-05 6.474530e-07 0.923030 112
5477 0.091453 18.688000 0.009645 0.000112 3812.780029 944.804016 8668.750000 2425200.000000 -1.075470 0.021421 -5.273440 1176.130005 3.627390 0.020999 67.457001 0.390501 2.081010e-06 1.204670e-08 3.869950e-05 2.240270e-07 1.395310 110
5486 0.025750 75.456001 0.017704 0.002622 184.266998 27.074100 75.517998 9.866870 -0.960348 0.113217 -1.671460 0.014140 3.068370 0.227258 231.447998 17.142200 9.832310e-07 7.282300e-08 7.416540e-05 5.493060e-06 1.976030 112
5489 0.032938 65.536003 0.012308 0.000461 248.128998 11.634000 186.714005 17.789499 -1.041150 0.037870 -2.387590 0.121175 2.336930 0.043746 153.076004 2.865510 5.424810e-07 1.015500e-08 3.553420e-05 6.651830e-07 0.991280 110
5512 0.032516 29.952000 0.012929 0.000733 292.015015 26.267401 197.582993 30.060200 -1.046510 0.057023 -2.255180 0.162735 2.670570 0.075703 79.902199 2.265010 6.848920e-07 1.941480e-08 2.049160e-05 5.808810e-07 0.814250 113
5526 0.090297 79.552002 0.004375 0.000208 271.143005 25.847601 1232.170044 474640.000000 -1.326290 0.046997 -7.387340 2358.669922 1.027340 0.024462 81.634102 1.943820 1.996630e-07 4.754240e-09 1.586550e-05 3.777800e-07 1.329140 111
5563 0.108422 2.944000 0.076299 0.006147 170.649002 9.417460 128.503998 9.495190 -1.000680 0.070773 -2.359320 0.078089 11.640600 0.468935 33.007801 1.329700 2.353910e-06 9.482590e-08 6.674700e-06 2.688860e-07 1.077220 112
5567 0.090391 17.792000 0.027968 0.000425 378.403992 17.242100 471.722992 121.805000 -1.357210 0.016264 -2.917360 0.407001 7.229420 0.054873 127.972000 0.971342 1.673640e-06 1.270340e-08 2.962620e-05 2.248700e-07 2.117060 114
5568 0.190016 5.632000 0.039134 0.001206 527.197998 31.871700 334.806000 29.617701 -0.514335 0.054438 -2.330870 0.125131 9.368020 0.144406 50.980598 0.785853 4.034720e-06 6.219410e-08 2.195690e-05 3.384600e-07 1.065560 111
5585 -7.168000 183.296005 0.001398 0.012258 174.363998 7176.229980 50.712200 1822.609985 -1.715430 5.329530 -1.840160 0.281307 0.431131 1.890390 82.114899 360.050995 9.373470e-08 4.110010e-07 1.785310e-05 7.828080e-05 0.908465 9
5591 0.030234 144.925995 0.007375 0.001499 298.996002 130.912994 176.768997 97.151497 -1.267750 0.210476 -2.072350 0.319216 1.710010 0.173799 247.772995 25.182800 4.250630e-07 4.320190e-08 6.158990e-05 6.259790e-06 1.033880 9
5606 -69.888000 30.464001 0.003642 0.000760 203.320007 48.308300 130.028000 38.917500 -1.148860 0.187222 -2.132850 0.225063 0.684609 0.071397 68.701897 7.164830 1.547260e-07 1.613610e-08 1.552700e-05 1.619290e-06 0.579044 9
5609 0.025781 38.911999 0.028526 0.001086 149.054993 3.601380 161.608002 14.836200 -1.160520 0.033132 -2.840070 0.158687 4.622030 0.087975 179.733002 3.421010 7.537020e-07 1.434580e-08 2.930860e-05 5.578550e-07 1.260660 112
5621 0.026094 10.304000 0.079393 0.005626 212.684998 13.324200 124.709999 8.190120 -0.899559 0.068659 -2.060720 0.043323 13.032700 0.461752 133.949005 4.745850 3.362670e-06 1.191410e-07 3.456120e-05 1.224520e-06 1.079080 112
5624 0.127813 9.344000 0.011759 0.002515 226.824997 31.555700 118.094002 15.982700 -0.307186 0.211760 -1.883310 0.092840 1.448580 0.154916 13.350400 1.427740 5.040260e-07 5.390230e-08 4.645200e-06 4.967740e-07 1.043850 112
5629 0.033219 19.903999 0.032493 0.001007 232.121002 6.409310 232.960999 26.063900 -0.883740 0.032796 -3.004110 0.241955 5.301730 0.082161 105.349998 1.632600 1.113800e-06 1.726060e-08 2.213210e-05 3.429820e-07 1.342380 112
5632 0.026062 19.455999 0.003089 0.000199 1192.099976 559.984985 4302.209961 8931200.000000 -1.033850 0.098188 -7.987120 14476.799805 0.987995 0.031775 19.196699 0.617386 4.512670e-07 1.451320e-08 8.768090e-06 2.819910e-07 1.090070 112
5649 0.021141 81.877098 0.055262 0.000576 231.602005 3.857490 245.406998 12.881100 -1.357950 0.010406 -2.649290 0.067285 12.755800 0.066519 1044.140015 5.444960 2.443640e-06 1.274310e-08 2.000270e-04 1.043100e-06 6.160100 9
5654 0.078641 46.464001 0.034477 0.000918 239.925995 4.282170 158.389999 3.858700 -0.367307 0.028262 -2.352870 0.038273 4.330500 0.057683 200.871994 2.675640 1.224830e-06 1.631490e-08 5.681440e-05 7.567740e-07 1.699280 113
5697 0.028188 1.728000 0.402895 0.066412 54.347698 1.886560 82.061798 6.368030 -0.973311 0.119805 -3.601510 0.120994 23.449600 1.932680 39.859901 3.285200 2.245110e-06 1.850390e-07 3.816270e-06 3.145320e-07 1.423040 111
5701 0.862531 9.472000 0.018852 0.000394 1167.329956 156.841003 544.159973 109.226997 -0.884710 0.034535 -1.900630 0.157864 6.193300 0.064749 53.320999 0.557454 3.242830e-06 3.390270e-08 2.791900e-05 2.918850e-07 1.209910 113
5704 0.029641 5.184000 0.070530 0.004698 151.362000 7.116320 148.572006 16.730301 -1.285790 0.060954 -2.569910 0.137540 13.178100 0.438912 67.924599 2.262310 2.232970e-06 7.437180e-08 1.150950e-05 3.833390e-07 1.047550 113
5711 0.101500 3.072000 0.047748 0.001361 560.968994 56.859299 279.621002 36.391899 -1.082330 0.031373 -1.956280 0.079544 12.668200 0.180593 37.630798 0.536451 4.419500e-06 6.300270e-08 1.312810e-05 1.871490e-07 1.087290 112
5731 0.032953 45.119999 0.007360 0.001025 198.925003 59.884102 116.081001 40.084702 -1.529200 0.116260 -2.019500 0.119132 1.915670 0.133373 86.372101 6.013410 4.015970e-07 2.796000e-08 1.810680e-05 1.260630e-06 1.055990 109
5773 0.029344 21.823999 0.125475 0.002109 180.447006 1.142770 224.160004 15.702800 -0.314092 0.017277 -4.269160 0.291425 10.863300 0.091279 236.761993 1.989400 1.997190e-06 1.678150e-08 4.352810e-05 3.657470e-07 1.945610 113
5989 0.026156 31.040001 0.746163 1.323720 14.808500 9.774100 25.088499 11.542600 -0.969469 1.592640 -2.721550 0.007489 7.112070 6.308540 220.572998 195.651993 6.602160e-07 5.856230e-07 2.047580e-05 1.816240e-05 2.227660 110
5995 0.090328 22.976000 0.036164 0.000333 626.997009 16.144800 385.375000 16.772699 -0.742881 0.012302 -2.238100 0.055099 9.570130 0.044098 219.018997 1.009210 4.074620e-06 1.877530e-08 9.325050e-05 4.296850e-07 2.035220 111
6100 0.090031 29.440001 0.020824 0.000344 560.487000 31.881599 389.208008 47.809399 -1.056360 0.021494 -2.324820 0.143720 5.447760 0.044972 159.891998 1.319920 1.805180e-06 1.490200e-08 5.298210e-05 4.373720e-07 0.914265 111
6115 0.149984 103.615997 0.004757 0.000149 493.833008 35.435902 1494.209961 493067.000000 -0.759584 0.040315 -8.203120 2476.979980 1.099420 0.017229 113.751999 1.782610 3.690290e-07 5.783040e-09 3.818200e-05 5.983480e-07 0.792301 112
6124 0.023547 21.159500 0.067323 0.000587 401.774994 6.539560 339.907013 17.307501 -0.893824 0.011315 -2.696680 0.090392 14.374600 0.062638 303.821014 1.323920 4.259040e-06 1.855910e-08 9.001900e-05 3.922650e-07 2.058620 8
6157 0.032813 12.608000 0.029334 0.000663 405.789001 18.592100 346.699005 44.251801 -0.967750 0.026910 -2.668030 0.210510 6.563330 0.074189 82.535103 0.932947 1.898150e-06 2.145610e-08 2.386970e-05 2.698140e-07 1.185990 114
6168 0.030313 59.870300 0.016490 0.000680 408.963013 43.091599 162.826004 17.219400 -1.034820 0.048659 -1.744380 0.029160 3.946550 0.081417 236.162003 4.872010 1.362810e-06 2.811480e-08 8.155070e-05 1.682390e-06 2.046140 8
6198 0.045500 13.312000 0.103687 0.001248 338.319000 8.351500 282.269989 14.127600 -1.195310 0.013851 -2.478610 0.058695 24.203501 0.145645 321.096008 1.932200 5.922030e-06 3.563590e-08 7.856460e-05 4.727630e-07 1.429260 111
6235 0.090219 4.288000 0.072779 0.001962 364.244995 13.145600 379.420013 66.180603 -0.725299 0.036427 -3.293420 0.452333 14.134200 0.190553 59.332199 0.799899 4.013430e-06 5.410790e-08 1.684750e-05 2.271330e-07 1.110000 113
6249 0.032344 66.624001 0.003665 0.000214 405.776001 65.182602 340.061005 164.156006 -1.182410 0.066431 -2.502400 0.625271 0.891853 0.026007 59.389900 1.731830 2.376560e-07 6.930100e-09 1.582590e-05 4.614870e-07 0.865949 115
6266 0.032891 48.959999 0.010399 0.000320 347.278015 15.364300 327.085999 68.471298 -0.762020 0.035224 -3.004900 0.477127 1.999030 0.030726 97.806503 1.503320 5.542420e-07 8.518890e-09 2.711750e-05 4.168040e-07 0.999633 113
6274 0.032656 121.216003 0.009695 0.001165 125.839996 9.629130 109.288002 14.741400 -1.341780 0.097924 -2.354300 0.122477 1.798080 0.108056 217.897003 13.094600 3.031540e-07 1.821810e-08 3.673720e-05 2.207730e-06 0.853970 110
6329 0.045484 47.743999 0.022137 0.000688 214.673004 6.735370 183.643997 14.483500 -1.024770 0.029317 -2.579730 0.120966 3.874800 0.060204 184.822006 2.871670 8.043990e-07 1.249830e-08 3.836870e-05 5.961510e-07 0.839773 113
6336 1.984000 14.528000 0.019560 0.000434 805.224976 88.748901 429.040985 76.674103 -1.034130 0.029940 -2.033410 0.147321 5.710950 0.063417 71.638199 0.795502 2.289350e-06 2.542190e-08 2.871760e-05 3.188930e-07 2.016820 111
6349 0.032969 69.056000 0.004914 0.000660 280.281006 65.332298 130.460999 30.872999 -1.095120 0.129347 -1.856790 0.088309 1.059930 0.071146 73.159599 4.910690 3.104610e-07 2.083910e-08 2.142900e-05 1.438380e-06 0.903058 112
6350 0.032422 84.223999 0.018531 0.000437 325.209015 10.120900 207.445007 10.138100 -0.700823 0.025760 -2.258400 0.064693 3.430330 0.040451 288.804993 3.405630 1.060360e-06 1.250390e-08 8.927350e-05 1.052730e-06 1.333650 113
6353 0.033359 115.584000 0.009239 0.000653 161.759995 15.799900 111.848999 13.677500 -1.500520 0.059631 -2.114050 0.057947 2.185450 0.077235 252.529999 8.924600 4.285820e-07 1.514640e-08 4.952290e-05 1.750170e-06 0.975410 113
6380 0.032859 56.127998 0.005652 0.000367 306.600006 37.922699 206.376999 48.150002 -1.120520 0.065388 -2.232790 0.238914 1.237350 0.040127 69.409302 2.250920 3.162080e-07 1.025450e-08 1.773770e-05 5.752270e-07 1.038010 110
6389 -16.063999 20.504700 0.023634 0.001781 202.690002 17.421301 120.375999 11.672200 -1.124600 0.066993 -2.056410 0.061091 4.486540 0.169083 164.067001 6.183140 1.036980e-06 3.908020e-08 3.792090e-05 1.429110e-06 1.832230 9
6390 0.033844 6.464000 0.003974 0.000234 1576.020020 657.276001 489.390015 229.431000 -0.598258 0.103433 -1.446570 0.199327 1.668560 0.049154 10.729100 0.316068 1.252290e-06 3.689110e-08 8.052420e-06 2.372150e-07 1.105310 110
6397 0.091687 30.271999 0.024622 0.001294 185.528000 6.237180 145.007004 9.879300 -0.734372 0.047316 -2.542240 0.118588 3.171150 0.083305 95.706398 2.514170 6.648970e-07 1.746660e-08 2.006680e-05 5.271470e-07 1.189640 111
6404 0.057563 46.720001 0.018625 0.001827 160.093994 9.651510 156.778000 31.005899 -1.067470 0.093112 -2.748270 0.338562 2.816910 0.138189 131.444000 6.448250 4.966710e-07 2.436520e-08 2.317590e-05 1.136940e-06 1.008430 111
6414 0.173016 24.576000 0.009994 0.000724 224.307999 22.578100 158.089005 27.583500 -1.182750 0.064654 -2.243640 0.169190 2.021630 0.073279 49.333698 1.788230 4.482220e-07 1.624700e-08 1.093790e-05 3.964740e-07 1.156520 109
6453 0.032547 111.744003 0.022317 0.001313 102.489998 2.035420 107.147003 6.055790 -1.262820 0.046608 -2.624350 0.072799 3.353260 0.098615 374.597992 11.016400 4.890530e-07 1.438230e-08 5.463280e-05 1.606670e-06 1.342330 110
6454 -6.656000 728.575989 0.001966 0.000339 389.500000 218.664001 509.721985 2623.739990 -1.342250 0.184128 -3.021570 8.806470 0.511114 0.044124 375.787994 32.441502 1.181090e-07 1.019630e-08 8.683730e-05 7.496610e-06 0.790488 9
6472 0.026812 225.024002 0.014619 0.000444 298.385986 12.753000 191.199997 12.029500 -0.921240 0.034468 -2.213350 0.066854 2.840720 0.043173 639.155029 9.713890 7.736520e-07 1.175800e-08 1.740700e-04 2.645510e-06 1.692750 9
6476 0.026297 42.751999 0.041988 0.387713 37.361401 216.238998 24.685200 75.521400 -0.461730 6.397060 -1.465130 0.014312 1.313490 6.064290 56.119701 259.101013 5.009410e-07 2.312810e-06 2.140310e-05 9.881660e-05 1.083500 115
6525 0.083906 58.560001 0.016150 0.000975 242.815994 12.539700 281.971008 171.210999 -0.649217 0.062580 -3.647350 1.897060 2.301950 0.069488 134.608994 4.063390 5.025270e-07 1.516960e-08 2.938580e-05 8.870580e-07 0.951310 110
6526 -11.264000 760.831970 0.009719 0.003116 128.518005 18.154100 555.494019 290654.000000 -1.219810 0.301416 -7.812500 3528.939941 1.508530 0.241809 1164.729980 186.699997 2.082210e-07 3.337680e-08 1.607670e-04 2.577010e-05 0.382849 9
6539 0.025625 9.536000 0.005105 0.000223 1548.819946 441.023010 657.054993 278.161011 -0.524500 0.081922 -1.752580 0.398009 2.211750 0.048219 21.034500 0.458583 1.673930e-06 3.649420e-08 1.591970e-05 3.470730e-07 0.924414 111
6560 0.030125 37.056000 0.021083 0.001137 176.733002 4.968320 157.807007 13.992000 -0.607105 0.049266 -2.897540 0.208540 2.292680 0.061826 84.888397 2.289170 4.478570e-07 1.207730e-08 1.658230e-05 4.471730e-07 1.178390 111
6570 0.033078 68.160004 0.019044 0.005285 89.129898 6.364180 67.137703 4.969660 -1.100260 0.194406 -2.203360 0.043957 2.222980 0.308462 151.445007 21.014601 3.817770e-07 5.297540e-08 2.600930e-05 3.609050e-06 0.970301 112
6576 0.095312 43.647999 0.015158 0.000290 602.010986 55.978298 444.174011 100.061996 -1.278900 0.025317 -2.313040 0.219307 4.211890 0.040320 183.438995 1.756050 1.253420e-06 1.199890e-08 5.458970e-05 5.225830e-07 1.176400 111
6581 0.032406 64.767998 0.009333 0.000324 323.692993 34.868198 274.958008 83.249397 -1.424600 0.034072 -2.357700 0.277572 2.459850 0.042727 159.240005 2.765990 5.444000e-07 9.456200e-09 3.524210e-05 6.121530e-07 1.074050 114
6587 0.090563 31.680000 0.082835 0.000933 310.997009 4.870140 221.992996 5.661750 -0.901884 0.012438 -2.381300 0.032299 16.207399 0.091292 511.981995 2.883880 4.392830e-06 2.474380e-08 1.387670e-04 7.816430e-07 2.109160 110
6593 0.032906 29.632000 0.030839 0.000852 245.600006 8.004410 172.748001 9.882400 -0.961465 0.026164 -2.316710 0.070502 5.551380 0.076640 164.315994 2.268480 1.345620e-06 1.857700e-08 3.982900e-05 5.498640e-07 1.325950 110
6609 0.030063 31.872000 0.016091 0.001693 203.774994 16.828501 106.620003 8.579010 -0.706820 0.092823 -1.901420 0.045537 2.315490 0.121820 73.729797 3.878990 6.825520e-07 3.590970e-08 2.173380e-05 1.143430e-06 0.975690 112
6615 0.090219 164.095993 0.006076 0.000370 335.739990 25.095800 209.123001 26.517000 -0.507461 0.071241 -2.255640 0.195858 1.072480 0.032642 175.893005 5.353490 3.631700e-07 1.105340e-08 5.956200e-05 1.812830e-06 0.869712 112
6617 0.025812 0.960000 0.203972 0.006853 278.437012 10.224400 315.450012 67.079102 -0.843418 0.035514 -3.360230 0.547965 35.497799 0.596354 33.161598 0.557107 8.213960e-06 1.379930e-07 7.673380e-06 1.289110e-07 1.069930 114
6618 0.029031 61.312000 0.007368 0.000305 359.610992 26.135000 231.229004 30.431999 -0.861931 0.044023 -2.246370 0.163973 1.527790 0.031669 93.627296 1.940790 4.671310e-07 9.683100e-09 2.862720e-05 5.934090e-07 0.942017 113
6629 0.090328 232.128006 0.003589 0.000211 328.289001 40.583801 235.768005 54.762600 -1.180350 0.067196 -2.295230 0.234938 0.821122 0.024123 190.531006 5.597490 2.080140e-07 6.111090e-09 4.826700e-05 1.418000e-06 0.714431 114
6630 0.042234 25.983999 0.018438 0.000542 301.859009 24.237499 2336.389893 13144200.000000 -1.492670 0.031024 -9.304060 44182.199219 4.963930 0.072998 128.772995 1.893710 9.778551e-07 1.438010e-08 2.536730e-05 3.730450e-07 1.514150 109
6642 0.089859 90.367996 0.004389 0.000305 280.684998 17.789801 259.795013 74.054199 -0.544430 0.081848 -3.109270 0.748061 0.665420 0.023141 60.072899 2.089110 1.703840e-07 5.925300e-09 1.538190e-05 5.349250e-07 0.729183 111
6665 0.025641 20.736000 0.063240 0.001093 252.352005 4.981940 178.720993 5.498450 -0.934395 0.016764 -2.338200 0.036878 11.311300 0.097746 234.261002 2.024350 2.787520e-06 2.408820e-08 5.773060e-05 4.988750e-07 1.683180 114
6694 0.029500 55.872002 0.004278 0.000228 422.165009 29.630800 260.666992 28.682400 -0.233345 0.078258 -2.310380 0.190227 0.854778 0.022781 47.732899 1.272170 3.620650e-07 9.649720e-09 2.021860e-05 5.388640e-07 0.996543 113
6744 0.025766 2.048000 0.130101 0.015596 118.988998 4.216200 103.663002 6.328450 -0.803524 0.097121 -2.636870 0.096462 12.658600 0.758721 25.598700 1.534310 2.046130e-06 1.226390e-07 4.137750e-06 2.480050e-07 1.029760 113
6763 0.114609 20.864000 0.017505 0.004803 121.581001 14.558700 73.118401 7.742860 -0.861441 0.199329 -1.996780 0.050471 1.981970 0.271906 41.124802 5.641880 4.461280e-07 6.120410e-08 9.256890e-06 1.269950e-06 0.917698 112
6891 0.090047 79.680000 0.004872 0.000444 494.032990 216.110992 1915.939941 925129.000000 -1.401220 0.099080 -6.015240 2242.550049 1.372240 0.062483 109.216003 4.972990 3.402280e-07 1.549180e-08 2.707870e-05 1.232990e-06 0.974927 109
6892 0.114531 94.015999 0.002904 0.000275 291.152008 52.122398 277.131012 196.123993 -1.201880 0.100115 -2.652720 1.040190 0.646136 0.030611 60.673199 2.874430 1.442750e-07 6.835110e-09 1.354760e-05 6.418270e-07 0.640190 111
6904 0.026047 10.816000 0.007978 0.000162 2729.179932 748.848999 7400.220215 2128040.000000 -0.921264 0.037751 -6.761410 1682.260010 3.127170 0.031837 33.742001 0.343522 2.011140e-06 2.047510e-08 2.170010e-05 2.209250e-07 1.218190 112
6944 0.090500 50.560001 0.034045 0.003004 104.509003 2.058280 97.678001 4.342030 -0.867535 0.070954 -2.713530 0.074395 3.208530 0.141537 161.932999 7.143300 4.727320e-07 2.085350e-08 2.385850e-05 1.052470e-06 1.233200 111
6963 0.031234 23.439199 0.052689 0.001185 214.464005 3.234020 182.011002 6.786260 -0.643094 0.022976 -2.788070 0.078421 6.838490 0.076886 160.074997 1.799750 1.523490e-06 1.712890e-08 3.566190e-05 4.009520e-07 4.872720 9
6985 0.033391 42.431999 0.049895 0.000614 349.175995 6.930600 264.591003 12.891000 -0.851700 0.013410 -2.509750 0.077912 10.074900 0.061947 427.161011 2.626490 2.876690e-06 1.768790e-08 1.219680e-04 7.499420e-07 2.156750 109
7012 0.090922 30.784000 0.025236 0.000439 315.778015 11.227900 337.911987 53.229900 -1.223340 0.018174 -2.824040 0.254849 5.770630 0.050156 177.117996 1.539430 1.312360e-06 1.140650e-08 4.028040e-05 3.501000e-07 1.558430 114
7028 0.025766 4.992000 0.061983 0.010028 222.985992 19.682899 129.218994 11.139200 -0.246337 0.176752 -2.082210 0.066094 7.008220 0.566930 34.804501 2.815510 2.201290e-06 1.780730e-07 1.093210e-05 8.843530e-07 0.928086 111
7113 0.023578 67.415604 0.097576 0.000598 389.962006 3.869940 353.079987 14.102900 -0.702003 0.007083 -2.969260 0.090994 19.697399 0.060378 1327.449951 4.069000 5.996730e-06 1.838170e-08 4.041320e-04 1.238780e-06 25.744200 8
7170 0.025578 102.335999 0.006090 0.000123 1862.319946 538.190002 7109.879883 5412890.000000 -1.226080 0.032294 -7.125000 4498.870117 2.033230 0.020474 208.020996 2.094740 8.736380e-07 8.797390e-09 8.938230e-05 9.000640e-07 0.668950 110
7236 0.095281 82.112000 0.005642 0.000372 237.522995 15.287000 338.513000 344.600006 -0.937499 0.070485 -3.854180 3.074790 0.958690 0.031624 78.628601 2.593740 1.914330e-07 6.314840e-09 1.570070e-05 5.179220e-07 0.808259 109
7240 0.041391 3.392000 0.015011 0.000656 648.638977 73.384300 395.483002 76.956703 -0.538141 0.066772 -2.264420 0.286419 4.099100 0.089526 13.734500 0.299968 1.978180e-06 4.320450e-08 6.628110e-06 1.447610e-07 1.032700 111
7247 0.149672 130.367996 0.005566 0.000299 538.968994 90.236801 171.192993 28.296301 -0.882964 0.069389 -1.540760 0.028536 1.481250 0.039785 192.884995 5.180710 6.770280e-07 1.818430e-08 8.816150e-05 2.367930e-06 1.048780 110
7248 0.090453 38.655998 0.010823 0.000521 291.588013 24.555700 210.184998 39.049900 -1.099050 0.047593 -2.320670 0.217626 2.279640 0.054914 87.915497 2.117790 5.649890e-07 1.361000e-08 2.178910e-05 5.248770e-07 1.577330 112
7270 0.185203 207.360001 0.001016 0.000451 523.848022 1351.910034 101.793999 253.501999 -1.324260 0.374953 -1.554630 0.114888 0.299194 0.066370 61.985500 13.750200 1.060980e-07 2.353550e-08 2.198080e-05 4.875970e-06 0.768951 111
7277 0.145078 31.488001 0.054130 0.009495 113.205002 4.393750 87.745598 4.159660 -0.641762 0.143566 -2.447370 0.053066 4.283370 0.375688 134.253006 11.775200 7.408010e-07 6.497450e-08 2.321890e-05 2.036490e-06 1.068910 112
7281 0.032969 0.896000 0.214325 0.034459 139.632996 6.211690 103.468002 5.855680 -0.230387 0.135994 -2.536110 0.099049 13.751200 1.105460 11.867700 0.954046 2.716130e-06 2.183490e-07 2.344100e-06 1.884420e-07 1.107710 113
7285 0.032438 49.152000 0.016085 0.012330 83.019798 8.965170 64.072899 7.401220 -0.626019 0.526373 -2.333090 0.098743 0.934430 0.358145 45.898800 17.591900 1.505270e-07 5.769340e-08 7.393810e-06 2.833870e-06 1.212920 112
7295 0.029406 26.559999 0.010936 0.000810 326.062012 22.883400 334.640015 194.042007 -0.311634 0.101610 -3.647750 1.993370 1.690420 0.062600 44.847698 1.660810 4.955500e-07 1.835130e-08 1.314720e-05 4.868710e-07 1.075350 110
7301 0.023719 200.320007 0.024232 0.000335 512.166992 28.985399 393.325012 53.132900 -1.273730 0.016547 -2.353780 0.137499 6.467410 0.044655 1295.400024 8.944300 1.807170e-06 1.247800e-08 3.619700e-04 2.499290e-06 2.710160 8
7310 0.090109 76.543999 0.006624 0.000297 313.071991 18.266399 330.210999 144.197006 -0.781547 0.049915 -3.254560 1.111910 1.207240 0.027090 92.298103 2.071160 3.056490e-07 6.858720e-09 2.336800e-05 5.243760e-07 0.806791 110
7318 0.087281 12.608000 0.012796 0.000276 684.385010 41.133301 711.304016 421.626007 -0.615911 0.033518 -3.442410 1.696540 3.521190 0.037991 44.087799 0.475678 1.588390e-06 1.713770e-08 1.988780e-05 2.145760e-07 1.054410 112
7343 0.030266 89.118301 0.034805 0.000151 560.991028 6.230210 403.862000 9.909040 -0.781143 0.006162 -2.481750 0.038619 8.669710 0.018781 772.367004 1.673140 3.246230e-06 7.032160e-09 2.892000e-04 6.264810e-07 56.487301 8
7360 0.030266 91.230301 0.015170 0.000730 246.190994 14.508100 250.524994 60.471401 -1.095080 0.053328 -2.844880 0.429546 2.937070 0.070694 267.860992 6.447300 6.111930e-07 1.471120e-08 5.574080e-05 1.341660e-06 0.937473 8
7446 0.159859 3.264000 0.033818 0.002711 178.264999 17.140400 213.979996 74.188599 -1.464910 0.077725 -2.674460 0.418616 7.764310 0.311229 24.101500 0.966099 1.344760e-06 5.390410e-08 4.174320e-06 1.673260e-07 0.903991 114
7464 0.032922 47.040001 0.012019 0.000283 409.184998 18.315100 367.466003 65.692101 -0.837405 0.030350 -2.854500 0.361525 2.599580 0.030625 122.198997 1.439570 7.809040e-07 9.199520e-09 3.670800e-05 4.324420e-07 1.267560 110
7475 0.029266 31.488001 0.024186 0.001187 137.847000 5.099790 117.642998 7.722560 -1.306020 0.038944 -2.364690 0.063979 4.465920 0.109583 140.492004 3.447350 7.782900e-07 1.909740e-08 2.448400e-05 6.007800e-07 1.871010 112
7477 0.032609 36.032001 0.011768 0.000669 270.716003 19.934000 170.701996 17.200300 -0.951617 0.058797 -2.176930 0.097512 2.242060 0.063722 80.712799 2.293940 5.924210e-07 1.683720e-08 2.132680e-05 6.061290e-07 1.083490 112
7491 0.023516 55.127499 0.051055 0.000343 441.597992 6.570390 306.205994 8.538660 -0.913545 0.008600 -2.358740 0.035984 11.465100 0.038488 631.773987 2.120860 3.703260e-06 1.243180e-08 2.040640e-04 6.850420e-07 1.646420 9
7503 0.029125 89.024002 0.007392 0.000577 163.768997 16.625401 168.376999 43.606602 -1.522250 0.069427 -2.431700 0.228624 1.793250 0.070010 159.589996 6.230540 3.090400e-07 1.206520e-08 2.750300e-05 1.073740e-06 0.741418 112
7515 0.049594 25.280001 0.020867 0.002752 186.595001 11.601800 116.967003 7.938560 -0.318104 0.124370 -2.201350 0.080919 2.029390 0.133843 51.202400 3.376910 5.382800e-07 3.550080e-08 1.358100e-05 8.956980e-07 1.063630 110
7527 0.034094 14.784000 0.044818 0.001085 316.420990 7.771600 221.889008 10.350900 -0.436036 0.027756 -2.505920 0.088344 7.226790 0.087502 106.594002 1.290640 2.283530e-06 2.764900e-08 3.368190e-05 4.078200e-07 1.588020 110
7530 0.107984 1.728000 0.213091 0.021475 146.572998 4.234420 115.132004 5.670660 -0.172062 0.087732 -2.731960 0.115334 13.493300 0.679908 21.859400 1.101460 2.602220e-06 1.311220e-07 4.215640e-06 2.124200e-07 0.991206 112
7549 0.031078 136.158997 0.026218 0.000542 269.450012 8.364570 159.449005 6.105460 -1.070150 0.020131 -2.084370 0.027948 5.238390 0.054138 713.091980 7.369650 1.383650e-06 1.429970e-08 1.883530e-04 1.946590e-06 3.326850 8
7560 0.033328 60.160000 0.012744 0.000867 135.796005 6.041950 117.308998 9.585820 -1.243420 0.054780 -2.411290 0.088444 2.186840 0.074423 131.488007 4.474800 3.766750e-07 1.281900e-08 2.264820e-05 7.707670e-07 1.099450 113
7569 0.033094 28.480000 0.015371 0.036773 88.925697 76.296898 45.638401 31.115900 -0.747305 1.393740 -1.680950 0.028965 1.379560 1.650160 39.244099 46.941799 3.996220e-07 4.780080e-07 1.136800e-05 1.359780e-05 0.943045 111
7575 -1.024000 205.824005 0.011004 0.000438 466.596008 42.575298 441.239014 243.856995 -0.822991 0.051050 -2.986020 1.213590 2.510120 0.049931 519.213013 10.328200 8.099300e-07 1.611110e-08 1.675320e-04 3.332550e-06 1.925830 9
7578 0.109250 8.704000 0.016373 0.001021 233.669998 17.601500 202.276993 38.744301 -1.111200 0.061552 -2.554890 0.271234 3.149920 0.098165 27.072701 0.843702 6.705960e-07 2.089860e-08 5.763600e-06 1.796190e-07 1.167970 112
7586 0.030328 64.926300 0.016210 0.002934 194.906006 20.445900 125.762001 16.173100 -0.523339 0.173874 -2.239550 0.163857 1.885200 0.170611 122.342003 11.071900 4.701680e-07 4.255020e-08 3.051200e-05 2.761340e-06 0.525744 9
7592 0.030500 32.703999 0.029847 0.001413 226.292007 11.697600 156.774002 10.818600 -1.074720 0.048121 -2.254560 0.062709 5.630640 0.133308 183.973007 4.355620 1.289410e-06 3.052720e-08 4.212950e-05 9.974310e-07 1.238140 112
7647 0.026469 42.304001 0.003028 0.000162 1751.489990 1565.890015 609.973999 908.361023 -1.304070 0.076624 -1.778870 0.583341 1.000440 0.026728 42.296200 1.130000 3.911230e-07 1.044930e-08 1.653570e-05 4.417720e-07 0.974378 109
7660 0.040812 89.024002 0.003727 0.000228 513.940979 95.465500 1701.939941 1061480.000000 -1.003760 0.073402 -7.553480 4115.189941 0.928123 0.028362 82.587303 2.523740 2.857270e-07 8.731390e-09 2.542490e-05 7.769470e-07 1.002580 111
7678 0.029641 45.568001 0.032936 0.000734 334.502014 9.719010 239.472000 11.439400 -0.754785 0.028806 -2.444640 0.068827 6.258030 0.069762 284.980011 3.176870 1.840160e-06 2.051350e-08 8.379790e-05 9.341530e-07 1.295070 111
7688 -148.223999 21.760000 0.006244 0.000847 266.927002 39.134399 186.102997 51.261600 -0.758571 0.143164 -2.373370 0.411645 1.032510 0.070067 175.509995 11.910200 2.726700e-07 1.850350e-08 4.634960e-05 3.145300e-06 0.630010 9
7695 0.023641 21.591600 0.025836 0.000272 813.642029 31.469801 2204.340088 202457.000000 -0.726210 0.016145 -7.589030 633.908997 7.604510 0.040034 164.014008 0.863450 3.565150e-06 1.876870e-08 7.689310e-05 4.048030e-07 6.776640 8
7703 0.032469 16.191999 0.010100 0.003107 181.233994 46.564999 118.943001 40.161201 -0.980400 0.261888 -2.178070 0.327743 1.600890 0.246271 25.869600 3.979620 3.573840e-07 5.497780e-08 5.775160e-06 8.884150e-07 1.015500 113
7760 0.098578 37.439999 0.026369 0.001495 150.056000 4.867570 109.372002 4.861050 -0.930997 0.046233 -2.311230 0.051100 3.519700 0.099774 131.429993 3.725710 6.978750e-07 1.978290e-08 2.605960e-05 7.387230e-07 2.000600 111
7766 0.026078 23.743999 0.012165 0.000416 1909.069946 576.137024 2829.889893 45912.000000 -0.755736 0.052803 -4.428280 59.837200 4.863960 0.083224 115.362999 1.973910 3.337960e-06 5.711390e-08 7.916950e-05 1.354620e-06 1.182880 114
7788 0.032734 74.624001 0.012289 0.001884 126.855003 9.178150 77.730904 5.212370 -0.853282 0.110756 -2.032600 0.039874 1.415000 0.108470 105.546997 8.090910 3.137520e-07 2.405130e-08 2.340320e-05 1.794020e-06 1.080150 113
7794 0.089984 151.039993 0.005513 0.000448 220.352005 26.982401 160.843994 35.947601 -1.276080 0.074824 -2.250780 0.202168 1.185140 0.048142 178.897003 7.267060 2.528010e-07 1.026910e-08 3.816040e-05 1.550130e-06 0.931215 110
7810 0.025609 6.249610 0.009074 0.000313 621.783020 46.675201 466.657990 98.674500 -0.347958 0.065259 -2.761300 0.491135 2.420540 0.041689 15.065400 0.259472 1.171210e-06 2.017170e-08 7.289580e-06 1.255490e-07 1.425250 9
7854 0.032375 73.664001 0.016587 0.000645 157.188004 3.563180 173.889008 21.225300 -0.966248 0.033903 -3.089000 0.272670 2.286580 0.044451 168.363998 3.273020 3.790950e-07 7.369650e-09 2.791340e-05 5.426390e-07 1.201380 112
7868 0.032406 131.007996 0.013392 0.001275 144.384003 4.697730 109.779999 5.683830 -0.495789 0.083265 -2.522740 0.094016 1.138700 0.054198 149.141006 7.098630 2.208950e-07 1.051380e-08 2.893180e-05 1.377060e-06 0.888354 112
7884 0.026141 79.487999 0.006464 0.000482 543.947998 166.141998 352.884003 227.294006 -1.200370 0.089134 -2.201130 0.593835 1.741030 0.064909 138.345993 5.157760 5.298150e-07 1.975240e-08 4.210010e-05 1.569560e-06 0.943513 111
7898 0.025797 2.688000 0.054068 0.003747 245.740005 18.359800 144.820999 12.473900 -0.856948 0.064390 -2.087920 0.070594 9.367400 0.324545 24.937901 0.864004 2.546320e-06 8.822020e-08 6.778810e-06 2.348600e-07 1.143400 112
7906 0.031781 31.872000 0.091682 0.000669 394.148987 6.706200 277.585999 7.584860 -1.124810 0.007993 -2.302040 0.026941 21.944700 0.080092 698.723999 2.550150 6.064960e-06 2.213540e-08 1.931100e-04 7.047970e-07 3.957330 112
7925 0.032359 101.183998 0.007745 0.000281 1003.739990 232.022995 298.191010 73.291702 -0.920472 0.054587 -1.534990 0.064205 2.483660 0.045123 251.225998 4.564280 1.279970e-06 2.325450e-08 1.294710e-04 2.352230e-06 0.889481 111
7929 0.032672 70.655998 0.009239 0.000143 732.107971 66.874397 667.476013 303.789001 -1.257280 0.019155 -2.586220 0.604125 2.678170 0.020691 189.141006 1.461300 8.513740e-07 6.577700e-09 6.012690e-05 4.645390e-07 1.171640 112
7932 0.033031 45.375999 0.014763 0.001966 135.121002 8.535550 119.728996 13.746000 -1.130550 0.118534 -2.510510 0.137300 2.225590 0.148227 100.915001 6.721050 3.783890e-07 2.520120e-08 1.715730e-05 1.142700e-06 1.297790 109
7938 0.033672 38.784000 0.006878 0.000854 146.257004 8.220460 701.583008 840971.000000 -1.078030 0.126472 -9.765620 10602.500000 0.993166 0.061637 38.485500 2.388450 1.458530e-07 9.051780e-09 5.651860e-06 3.507590e-07 1.143580 113
7941 0.032875 134.528000 0.013004 0.141290 88.794403 8394.549805 25.668800 1406.880005 -1.187990 17.038401 -1.428840 0.013944 2.614470 14.203200 351.632996 1910.260010 1.053040e-06 5.720700e-06 1.416290e-04 7.694070e-04 0.560296 113
7948 0.032625 77.311996 0.013023 0.005264 67.864899 3.135040 81.561600 14.799800 -0.861489 0.284031 -3.178670 0.385561 0.799023 0.161494 61.748001 12.480100 8.815710e-08 1.781780e-08 6.812730e-06 1.376950e-06 0.844224 110
7954 0.026234 16.128000 0.067104 0.001394 220.076996 3.839670 188.772995 8.041230 -0.833157 0.019863 -2.702350 0.077874 10.323400 0.107193 166.225006 1.726000 2.231130e-06 2.316710e-08 3.592520e-05 3.730310e-07 1.862680 112
7971 0.032656 54.976002 0.012336 0.000552 237.011993 14.715500 192.014008 27.393900 -1.178680 0.043388 -2.422830 0.171988 2.531010 0.056671 139.061996 3.113670 5.429890e-07 1.215780e-08 2.983360e-05 6.679910e-07 0.910980 111
7975 0.056969 102.975998 0.018106 0.003976 131.751007 11.466400 80.977898 6.489730 -0.685765 0.169727 -2.051920 0.050807 1.810430 0.198770 186.328003 20.457199 4.129760e-07 4.534140e-08 4.250310e-05 4.666490e-06 0.828381 112
7976 0.032922 92.736000 0.006213 0.000229 310.742004 18.938299 524.445007 992.070984 -1.064430 0.039107 -4.147120 5.970160 1.292110 0.023838 119.782997 2.209830 2.916740e-07 5.381000e-09 2.703910e-05 4.988350e-07 1.125720 111
7986 0.089578 4.800000 0.070461 0.004411 209.507004 6.667890 210.216003 32.489201 -0.396315 0.069000 -3.423180 0.484105 7.608340 0.238171 35.838501 1.121890 1.600580e-06 5.010430e-08 7.539390e-06 2.360130e-07 1.170730 108
7994 0.027547 27.264000 0.027613 0.000769 276.381989 5.244970 245.944000 17.811199 -0.182087 0.033962 -3.253050 0.225733 3.493110 0.048639 95.139900 1.324740 9.572790e-07 1.332930e-08 2.607290e-05 3.630440e-07 1.475140 113
8005 0.050953 6.144000 0.011376 0.000771 427.859009 52.033401 249.171005 43.182800 -0.674548 0.080003 -2.140900 0.199272 2.471450 0.083768 15.058700 0.510400 9.161810e-07 3.105320e-08 5.582340e-06 1.892080e-07 1.067890 112
8008 0.026297 24.639999 0.023440 0.000364 496.556000 15.363900 345.731995 20.388201 -0.641392 0.022682 -2.464880 0.095936 5.430910 0.042163 133.675003 1.037780 2.083590e-06 1.617580e-08 5.128480e-05 3.981480e-07 1.261180 109
8053 0.025766 1.408000 0.486997 0.042268 90.235497 1.064330 108.066002 5.839160 -0.499161 0.065956 -3.678150 0.175738 24.237900 1.051850 33.502399 1.453900 2.897840e-06 1.257570e-07 4.005490e-06 1.738260e-07 1.089630 112
8069 0.026000 7.744000 0.080301 0.001513 232.737000 5.277540 257.734009 20.768200 -1.179650 0.018755 -2.908440 0.139524 16.130400 0.152009 124.494003 1.173200 3.184200e-06 3.000700e-08 2.457560e-05 2.315940e-07 1.303670 110
8081 0.026813 31.578800 0.018836 0.004771 155.026993 26.672600 100.352997 16.889700 -1.187020 0.232940 -2.108440 0.072676 3.280550 0.415472 103.508003 13.109000 6.746440e-07 8.544180e-08 2.128640e-05 2.695860e-06 1.232820 8
8087 0.211437 170.175995 0.002795 0.000156 399.303009 46.889301 283.794006 73.253403 -0.952585 0.065869 -2.375850 0.345250 0.626837 0.017488 106.540001 2.972330 1.872960e-07 5.225320e-09 3.183360e-05 8.881190e-07 1.035120 112
8098 0.045359 20.672001 0.024819 0.004104 145.656006 10.044300 110.662003 10.724000 -0.753242 0.143714 -2.433700 0.133326 2.735770 0.226190 56.429699 4.665530 5.248950e-07 4.339760e-08 1.082680e-05 8.951470e-07 0.916173 113
8101 0.098063 103.680000 0.007120 0.000239 302.342987 10.744000 337.018005 108.277000 -0.634049 0.040523 -3.566320 0.971690 1.178400 0.019751 122.060997 2.045830 3.002340e-07 5.032130e-09 3.109880e-05 5.212380e-07 0.831336 110
WEAK/0298 -1.408000 0.640000 0.015576 0.000879 643.302002 139.237000 834.203979 2683.739990 -1.060210 0.076428 -3.461040 7.823170 3.736040 0.105432 7.651400 0.215925 1.175240e-06 3.316580e-08 2.406900e-06 6.792350e-08 1.559090 9
WEAK/0444 0.000000 0.256000 0.518283 0.507821 90.930298 12.653800 60.303799 6.859580 0.175179 0.646326 -2.111890 0.072833 12.190000 5.971960 3.120640 1.528820 2.626580e-06 1.286780e-06 6.724040e-07 3.294150e-07 1.089010 114
WEAK/1525 0.023781 0.567781 0.034536 0.001516 580.219971 56.255199 397.115997 68.902702 -0.545509 0.075447 -2.473820 0.289444 8.695120 0.190786 4.730140 0.103788 3.755100e-06 8.239340e-08 2.042770e-06 4.482200e-08 1.606060 9
WEAK/2112 -86.015999 169.983994 0.014633 0.240310 89.170601 104.068001 66.638702 82.873703 0.947554 11.852500 -2.631580 2.473760 0.107292 0.880999 27.466700 225.535995 1.784660e-08 1.465430e-07 4.568740e-06 3.751500e-05 0.465543 9
WEAK/2514 0.000000 0.256000 0.135375 0.011340 235.037994 19.069599 245.828003 62.742699 -0.983534 0.086428 -3.001670 0.510335 20.851500 0.873322 5.337990 0.223570 4.741080e-06 1.985700e-07 1.213720e-06 5.083400e-08 1.000220 111
WEAK/2679 0.000000 0.320000 0.028337 0.001408 1234.150024 236.912994 839.982971 518.408020 -0.311569 0.091833 -2.575720 1.349870 12.425200 0.308694 3.976050 0.098782 9.580060e-06 2.380100e-07 3.065620e-06 7.616320e-08 1.161670 114
WEAK/3044 0.000000 2.944000 0.228797 14.557800 13.056500 596.565979 19.943199 340.350006 -0.541672 21.178801 -2.204390 0.138146 0.785977 25.004801 2.313920 73.614304 1.118470e-07 3.558280e-06 3.292780e-07 1.047560e-05 1.123340 112
WEAK/3087 0.000000 0.320000 0.209749 0.043121 182.449997 19.812599 117.842003 13.262700 -0.592903 0.191168 -2.217740 0.099203 23.125099 2.377100 7.400020 0.760671 5.863870e-06 6.027660e-07 1.876440e-06 1.928850e-07 1.221900 114
WEAK/3410 0.034391 0.320000 0.065251 0.028625 118.307999 13.266000 132.557999 58.823101 -0.801003 0.380343 -3.234470 1.092590 6.155600 1.350230 1.758100 0.385638 8.802710e-07 1.930870e-07 2.514140e-07 5.514750e-08 1.092160 111
WEAK/3412 0.031094 0.320000 0.059672 0.121900 70.135399 16.568100 59.348400 21.843500 -1.094650 1.361510 -2.304150 0.164870 5.795000 5.919160 1.674210 1.710080 8.698430e-07 8.884790e-07 2.513030e-07 2.566870e-07 1.014440 110
WEAK/3736 -0.512000 1.536000 0.009986 0.000937 1004.619995 532.575989 2513.199951 937880.000000 -0.916979 0.129347 -6.308680 2022.140015 3.096970 0.145363 6.342600 0.297703 1.404450e-06 6.592080e-08 2.876320e-06 1.350060e-07 1.172470 9
WEAK/3917 0.090484 8.064000 0.006097 0.000808 392.502991 82.465698 276.449005 114.059998 -0.688543 0.171284 -2.452390 0.663424 1.240120 0.082156 9.888140 0.655069 4.094320e-07 2.712400e-08 3.264610e-06 2.162740e-07 0.923475 111
WEAK/6240 0.041047 7.488000 0.004819 0.000588 356.630005 92.573303 387.188995 538.922974 -1.139770 0.139194 -2.947350 2.552600 1.104120 0.067346 8.222360 0.501521 2.706750e-07 1.650980e-08 2.015700e-06 1.229470e-07 0.881656 110
WEAK/6293 0.026141 0.256000 2.170220 206.410004 23.594900 981.546997 18.589500 265.802002 -0.452845 21.817499 -1.251430 0.011338 67.625099 3215.919922 15.544300 739.208984 3.514590e-05 1.671370e-03 8.078610e-06 3.841790e-04 1.214290 113
WEAK/6668 0.026156 0.640000 0.026988 0.010659 236.908005 99.635597 125.744003 53.801399 -0.868944 0.371062 -1.950260 0.238399 4.647000 0.917635 2.852530 0.563285 1.332570e-06 2.631410e-07 8.179900e-07 1.615270e-07 1.117180 112
WEAK/7457 0.032250 11.776000 0.008451 0.006204 210.591003 106.202003 92.030602 42.286598 -0.370246 0.635798 -1.601210 0.137149 1.099350 0.403559 12.910500 4.739300 4.474670e-07 1.642600e-07 5.254940e-06 1.929030e-06 0.813450 111
WEAK/7610 0.026266 4.864000 0.015387 0.004157 153.828995 22.719601 110.292999 22.196400 -0.871493 0.228291 -2.306340 0.239399 1.971830 0.266355 9.539190 1.288560 4.000700e-07 5.404160e-08 1.935430e-06 2.614390e-07 0.836388 111
CALIB/1085 0.000000 25.408001 0.097638 0.001316 209.863007 2.262310 191.076996 5.312370 -0.879859 0.012850 -2.786160 0.052080 15.054300 0.101421 382.500000 2.576920 3.086450e-06 2.079360e-08 7.842060e-05 5.283230e-07 1.022810 112
CALIB/1141 0.064000 23.104000 0.033200 0.000453 410.167999 14.997300 274.220001 16.840599 -1.168100 0.014366 -2.229740 0.056071 8.192060 0.055922 188.744995 1.288440 2.282460e-06 1.558080e-08 5.258790e-05 3.589820e-07 1.075720 111
CALIB/1473 0.000000 28.864000 0.055448 0.000605 376.152008 7.231240 246.076996 6.945030 -0.892533 0.012314 -2.267930 0.031055 11.901100 0.064943 343.513000 1.874520 3.637180e-06 1.984770e-08 1.049830e-04 5.728850e-07 0.838594 113
CALIB/1983 0.064000 33.408001 0.065688 0.001804 263.678986 5.460910 285.641998 44.721001 -0.457595 0.033637 -3.653120 0.517740 8.977290 0.123258 299.338989 4.109920 2.164870e-06 2.972360e-08 7.218530e-05 9.911050e-07 0.811212 112
CALIB/2067 12.160000 31.743999 0.104964 0.001211 252.557007 2.201130 231.216003 5.628630 -0.546438 0.012388 -3.064030 0.060283 14.664100 0.084570 287.182007 1.656230 3.521420e-06 2.030860e-08 6.896350e-05 3.977240e-07 1.010330 109
CALIB/2083 0.000000 21.247999 0.054711 0.000618 236.869003 5.209200 444.089996 98.318298 -1.513010 0.011745 -3.287670 0.401189 13.978500 0.078887 297.015015 1.676200 2.551380e-06 1.439870e-08 5.421160e-05 3.059430e-07 1.066790 114
CALIB/2953 0.000000 16.704000 0.051245 0.001975 186.483994 5.637470 131.539001 5.204380 -0.989947 0.035207 -2.279450 0.039546 8.216570 0.158322 137.250000 2.644610 1.774750e-06 3.419700e-08 2.964550e-05 5.712270e-07 0.969526 109
CALIB/3241 0.030375 49.472000 0.016791 0.000386 203.994995 8.275600 237.610001 34.365299 -1.529060 0.022622 -2.568440 0.150510 4.293560 0.049356 212.281006 2.440230 7.703810e-07 8.855780e-09 3.808890e-05 4.378440e-07 0.986349 111
