0219
0249
0257
0351
0394
0647
0676
0678
0761
0973
1122
1156
1157
1288
1385
1419
1440
1468
1503
1519
1571
1606
1623
1625
1652
1663
1676
1695
1698
1712
1721
1733
1872
1982
1989
1997
2061
2080
2090
2110
2122
2127
2138
2193
2228
2276
2287
2316
2383
2387
2450
2486
2522
2533
2571
2606
2617
2619
2700
2703
2770
2798
2812
2831
2852
2855
2863
2889
2890
2891
2929
2940
2984
2993
2994
3002
3003
3035
3042
3057
3071
3115
3128
3178
3227
3245
3247
3253
3255
3287
3290
3298
3301
3330
3352
3360
3408
3415
3458
3464
3481
3489
3491
3523
3537
3567
3571
3593
3634
3657
3662
3663
3765
3788
3860
3891
3918
3929
3930
3937
4039
4368
4701
5299
5304
5473
5477
5486
5489
5512
5526
5567
5585
5591
5606
5609
5629
5632
5649
5654
5731
5773
5989
5995
6115
6124
6168
6249
6266
6274
6329
6349
6350
6353
6380
6389
6397
6404
6414
6453
6454
6472
6476
6525
6526
6560
6570
6576
6581
6587
6593
6609
6615
6618
6629
6630
6642
6665
6694
6763
6891
6892
6944
6963
6985
7012
7170
7236
7247
7248
7277
7285
7295
7301
7310
7343
7360
7464
7475
7477
7491
7503
7515
7549
7560
7569
7586
7592
7647
7660
7678
7688
7695
7703
7760
7766
7788
7794
7854
7868
7884
7906
7925
7929
7932
7938
7941
7948
7954
7971
7975
7976
7994
8008
8081
8087
8098
8101
WEAK/2112
CALIB/1141
CALIB/1473
CALIB/1983
CALIB/2067
CALIB/2953
CALIB/3241
