0105   0.2   -0.5   -2   150   
0130   0.2   -0.5   -2   150   
0219   0.2   -0.5   -2   150   
0226   0.2   -0.5   -2   150   
0249   0.2   -0.5   -2   300   
0257   0.2   -0.5   -2   150   
0351   0.2   -0.5   -2   150   
0394   0.2   -0.5   -2   150   
0451   0.2   -0.5   -2   150   
0543   0.2   -0.5   -2   150   
0647   0.2   -0.5   -2   150   
0676   0.2   -0.5   -2   150   
0678   0.2   -0.5   -2   150   
0761   0.2   -0.5   -2   150   
0973   0.2   -0.5   -2   150   
0999   0.2   -0.5   -2   150   
1025   0.2   -0.5   -2   150   
1122   0.2   -0.5   -2   150   
1156   0.2   -0.5   -2   150   
1157   0.2   -0.5   -2   150   
1288   0.2   -0.5   -2   150   
1385   0.2   -0.5   -2   150   
1419   0.2   -0.5   -2   200   
1440   0.2   -0.5   -2   150   
1468   0.2   -0.5   -2   150   
1480   0.2   -0.5   -2   150   
1484   0.2   -0.5   -2   150   
1503   0.2   -0.5   -2   200   
1519   0.2   -0.5   -2   150   
1538   0.2   -0.5   -2   150   
1553   0.2   -0.5   -2   150   
1571   0.2   -0.5   -2   150   
1601   0.2   -0.5   -2   150   
1606   0.2   -0.5   -2   150   
1623   0.2   -0.5   -2   150   
1625   0.2   -0.5   -2   150   
1652   0.2   -0.5   -2   150   
1663   0.2   -0.5   -2   150   
1676   0.2   -0.5   -2   200   
1695   0.2   -0.5   -2   150   
1698   0.2   -0.5   -2   150   
1709   0.2   -0.5   -2   150   
1711   0.2   -0.5   -2   150   
1712   0.2   -0.5   -2   150   
1721   0.2   -0.5   -2   150   
1733   0.2   -0.5   -2   150   
1872   0.2   -0.5   -2   150   
1886   0.2   -0.5   -2   150   
1982   0.2   -0.5   -2   150   
1989   0.2   -0.5   -2   200   
1997   0.2   -0.5   -2   200   
2061   0.2   -0.5   -2   150   
2080   0.2   -0.5   -2   150   
2090   0.2   -0.5   -2   150   
2110   0.2   -0.5   -2   150   
2122   0.2   -0.5   -2   150   
2127   0.2   -0.5   -2   150   
2138   0.2   -0.5   -2   150   
2151   0.2   -0.5   -2   150   
2193   0.2   -0.5   -2   150   
2228   0.2   -0.5   -2   150   
2276   0.2   -0.5   -2   150   
2287   0.2   -0.5   -2   150   
2316   0.2   -0.5   -2   200   
2383   0.2   -0.5   -2   150   
2387   0.2   -0.5   -2   150   
2431   0.2   -0.5   -2   150   
2450   0.2   -0.5   -2   150   
2486   0.2   -0.5   -2   150   
2522   0.2   -0.5   -2   150   
2533   0.2   -0.5   -2   150   
2537   0.2   -0.5   -2   150   
2571   0.2   -0.5   -2   150   
2606   0.2   -0.5   -2   150   
2611   0.2   -0.5   -2   150   
2617   0.2   -0.5   -2   150   
2619   0.2   -0.5   -2   150   
2661   0.2   -0.5   -2   150   
2700   0.2   -0.5   -2   150   
2703   0.2   -0.5   -2   150   
2770   0.2   -0.5   -2   150   
2797   0.2   -0.5   -2   150   
2798   0.2   -0.5   -2   290   
2812   0.2   -0.5   -2   150   
2831   0.2   -0.5   -2   200   
2852   0.2   -0.5   -2   150   
2855   0.2   -0.5   -2   150   
2863   0.2   -0.5   -2   150   
2889   0.2   -0.5   -2   150   
2890   0.2   -0.5   -2   150   
2891   0.2   -0.5   -2   150   
2895   0.2   -0.5   -2   150   
2919   0.2   -0.5   -2   150   
2929   0.2   -0.5   -2   150   
2940   0.2   -0.5   -2   150   
2984   0.2   -0.5   -2   150   
2993   0.2   -0.5   -2   150   
2994   0.2   -0.5   -2   150   
3002   0.2   -0.5   -2   150   
3003   0.2   -0.5   -2   150   
3035   0.2   -0.5   -2   170   
3042   0.2   -0.5   -2   170   
3057   0.2   -0.5   -2   300   
3067   0.2   -0.5   -2   150   
3071   0.2   -0.5   -2   150   
3110   0.2   -0.5   -2   150   
3115   0.2   -0.5   -2   150   
3128   0.2   -0.5   -2   150   
3138   0.2   -0.5   -2   150   
3152   0.2   -0.5   -2   150   
3178   0.2   -0.5   -2   150   
3227   0.2   -0.5   -2   150   
3245   0.2   -0.5   -2   200   
3247   0.2   -0.5   -2   150   
3253   0.2   -0.5   -2   170   
3255   0.2   -0.5   -2   150   
3287   0.2   -0.5   -2   150   
3290   0.2   -0.5   -2   200   
3298   0.2   -0.5   -2   150   
3301   0.2   -0.5   -2   150   
3330   0.2   -0.5   -2   150   
3345   0.2   -0.5   -2   150   
3352   0.2   -0.5   -2   150   
3360   0.2   -0.5   -2   150   
3408   0.2   -0.5   -2   150   
3415   0.2   -0.5   -2   170   
3458   0.2   -0.5   -2   150   
3464   0.2   -0.5   -2   150   
3480   0.2   -0.5   -2   150   
3481   0.2   -0.5   -2   150   
3489   0.2   -0.5   -2   150   
3491   0.2   -0.5   -2   150   
3523   0.2   -0.5   -2   150   
3537   0.2   -0.5   -2   150   
3567   0.2   -0.5   -2   150   
3571   0.2   -0.5   -2   170   
3593   0.2   -0.5   -2   150   
3634   0.2   -0.5   -2   150   
3657   0.2   -0.5   -2   150   
3658   0.2   -0.5   -2   150   
3662   0.2   -0.5   -2   150   
3663   0.2   -0.5   -2   150   
3734   0.2   -0.5   -2   150   
3765   0.2   -0.5   -2   150   
3767   0.2   -0.5   -2   150   
3788   0.2   -0.5   -2   150   
3860   0.2   -0.5   -2   150   
3870   0.2   -0.5   -2   150   
3891   0.2   -0.5   -2   150   
3918   0.2   -0.5   -2   150   
3929   0.2   -0.5   -2   150   
3930   0.2   -0.5   -2   150   
3937   0.2   -0.5   -2   150   
3954   0.2   -0.5   -2   150   
4039   0.2   -0.5   -2   150   
4368   0.2   -0.5   -2   250   
4556   0.2   -0.5   -2   150   
4701   0.2   -0.5   -2   150   
4898   0.2   -0.5   -2   150   
5299   0.2   -0.5   -2   150   
5304   0.2   -0.5   -2   170   
5470   0.2   -0.5   -2   150   
5473   0.2   -0.5   -2   150   
5477   0.2   -0.5   -2   150   
5486   0.2   -0.5   -2   150   
5489   0.2   -0.5   -2   150   
5512   0.2   -0.5   -2   150   
5526   0.2   -0.5   -2   150   
5563   0.2   -0.5   -2   150   
5567   0.2   -0.5   -2   150   
5568   0.2   -0.5   -2   150   
5585   0.2   -0.5   -2   150   
5591   0.2   -0.5   -2   150   
5606   0.2   -0.5   -2   150   
5609   0.2   -0.5   -2   150   
5621   0.2   -0.5   -2   150   
5624   0.2   -0.5   -2   150   
5629   0.2   -0.5   -2   150   
5632   0.2   -0.5   -2   150   
5649   0.2   -0.5   -2   150   
5654   0.2   -0.5   -2   150   
5697   0.2   -0.5   -2   150   
5701   0.2   -0.5   -2   150   
5704   0.2   -0.5   -2   150   
5711   0.2   -0.5   -2   150   
5731   0.2   -0.5   -2   150   
5773   0.2   -0.5   -2   170   
5989   0.2   -0.5   -2   150   
5995   0.2   -0.5   -2   170   
6115   0.2   -0.5   -2   150   
6124   0.2   -0.5   -2   150   
6157   0.2   -0.5   -2   150   
6168   0.2   -0.5   -2   150   
6198   0.2   -0.5   -2   150   
6235   0.2   -0.5   -2   150   
6249   0.2   -0.5   -2   150   
6266   0.2   -0.5   -2   150   
6274   0.2   -0.5   -2   150   
6329   0.2   -0.5   -2   150   
6336   0.2   -0.5   -2   150   
6349   0.2   -0.5   -2   150   
6350   0.2   -0.5   -2   150   
6353   0.2   -0.5   -2   150   
6380   0.2   -0.5   -2   150   
6389   0.2   -0.5   -2   170   
6390   0.2   -0.5   -2   150   
6397   0.2   -0.5   -2   150   
6404   0.2   -0.5   -2   150   
6414   0.2   -0.5   -2   150   
6453   0.2   -0.5   -2   200   
6454   0.2   -0.5   -2   150   
6472   0.2   -0.5   -2   150   
6476   0.2   -0.5   -2   150   
6525   0.2   -0.5   -2   150   
6526   0.2   -0.5   -2   150   
6539   0.2   -0.5   -2   150   
6560   0.2   -0.5   -2   150   
6570   0.2   -0.5   -2   150   
6576   0.2   -0.5   -2   150   
6581   0.2   -0.5   -2   150   
6587   0.2   -0.5   -2   170   
6593   0.2   -0.5   -2   150   
6609   0.2   -0.5   -2   150   
6615   0.2   -0.5   -2   150   
6617   0.2   -0.5   -2   150   
6618   0.2   -0.5   -2   150   
6629   0.2   -0.5   -2   170   
6630   0.2   -0.5   -2   150   
6642   0.2   -0.5   -2   150   
6665   0.2   -0.5   -2   170   
6694   0.2   -0.5   -2   150   
6744   0.2   -0.5   -2   150   
6763   0.2   -0.5   -2   150   
6891   0.2   -0.5   -2   150   
6892   0.2   -0.5   -2   150   
6904   0.2   -0.5   -2   150   
6944   0.2   -0.5   -2   150   
6963   0.2   -0.5   -2   150   
6985   0.2   -0.5   -2   170   
7012   0.2   -0.5   -2   150   
7028   0.2   -0.5   -2   150   
7170   0.2   -0.5   -2   170   
7236   0.2   -0.5   -2   150   
7240   0.2   -0.5   -2   150   
7247   0.2   -0.5   -2   150   
7248   0.2   -0.5   -2   150   
7277   0.2   -0.5   -2   170   
7281   0.2   -0.5   -2   150   
7285   0.2   -0.5   -2   150   
7295   0.2   -0.5   -2   150   
7301   0.2   -0.5   -2   170   
7310   0.2   -0.5   -2   150   
7318   0.2   -0.5   -2   150   
7343   0.2   -0.5   -2   200   
7360   0.2   -0.5   -2   150   
7446   0.2   -0.5   -2   150   
7464   0.2   -0.5   -2   150   
7475   0.2   -0.5   -2   150   
7477   0.2   -0.5   -2   150   
7491   0.2   -0.5   -2   170   
7503   0.2   -0.5   -2   170   
7515   0.2   -0.5   -2   150   
7527   0.2   -0.5   -2   150   
7530   0.2   -0.5   -2   150   
7549   0.2   -0.5   -2   150   
7560   0.2   -0.5   -2   170   
7569   0.2   -0.5   -2   150   
7578   0.2   -0.5   -2   150   
7586   0.2   -0.5   -2   150   
7592   0.2   -0.5   -2   150   
7647   0.2   -0.5   -2   150   
7660   0.2   -0.5   -2   150   
7678   0.2   -0.5   -2   150   
7688   0.2   -0.5   -2   150   
7695   0.2   -0.5   -2   150   
7703   0.2   -0.5   -2   150   
7760   0.2   -0.5   -2   150   
7766   0.2   -0.5   -2   150   
7788   0.2   -0.5   -2   150   
7794   0.2   -0.5   -2   150   
7810   0.2   -0.5   -2   150   
7854   0.2   -0.5   -2   150   
7868   0.2   -0.5   -2   150   
7884   0.2   -0.5   -2   170   
7898   0.2   -0.5   -2   150   
7906   0.2   -0.5   -2   150   
7925   0.2   -0.5   -2   150   
7929   0.2   -0.5   -2   170   
7932   0.2   -0.5   -2   150   
7938   0.2   -0.5   -2   150   
7941   0.2   -0.5   -2   170   
7948   0.2   -0.5   -2   150   
7954   0.2   -0.5   -2   170   
7971   0.2   -0.5   -2   150   
7975   0.2   -0.5   -2   150   
7976   0.2   -0.5   -2   150   
7986   0.2   -0.5   -2   150   
7994   0.2   -0.5   -2   150   
8005   0.2   -0.5   -2   150   
8008   0.2   -0.5   -2   150   
8053   0.2   -0.5   -2   150   
8081   0.2   -0.5   -2   170   
8087   0.2   -0.5   -2   150   
8098   0.2   -0.5   -2   150   
8101   0.2   -0.5   -2   150   
WEAK/0298   0.2   -0.5   -2   150   
WEAK/0444   0.2   -0.5   -2   150   
WEAK/1525   0.2   -0.5   -2   150   
WEAK/2112   0.2   -0.5   -2   150   
WEAK/2514   0.2   -0.5   -2   150   
WEAK/2679   0.2   -0.5   -2   150   
WEAK/3044   0.2   -0.5   -2   150   
WEAK/3087   0.2   -0.5   -2   150   
WEAK/3410   0.2   -0.5   -2   150   
WEAK/3412   0.2   -0.5   -2   150   
WEAK/3736   0.2   -0.5   -2   150   
WEAK/3917   0.2   -0.5   -2   150   
WEAK/6240   0.2   -0.5   -2   150   
WEAK/6293   0.2   -0.5   -2   150   
WEAK/6668   0.2   -0.5   -2   150   
WEAK/7457   0.2   -0.5   -2   150   
WEAK/7610   0.2   -0.5   -2   150   
CALIB/1141   0.2   -0.5   -2   150   
CALIB/1473   0.2   -0.5   -2   250   
CALIB/1983   0.2   -0.5   -2   150   
CALIB/2067   0.2   -0.5   -2   250   
CALIB/2953   0.2   -0.5   -2   150   
CALIB/3241   0.2   -0.5   -2   150   
